2.224031657916294868e+00,3.617793764212613450e+00,1.635960439552395673e+00,-2.442279027526533586e+00,4.017653582698441639e+00,4.334034278809251739e-01,-2.697045083277049393e+00,1.820957081209769290e+00,5.408830352774925743e+00,-1.427749596817976752e+00,8.107183456874417216e-01,-3.599139936914532711e-01,6.977629246360009141e+00,2.776030171754984899e+00,-3.844896012601062285e-01,-2.379323178418714768e+00,1.665958904749915925e+00,3.147973453044197178e-01,1.567764137237458000e+00,5.736330446045545539e-01,-1.181110352062606283e+00,8.529261124001653593e-01,5.796740732924823725e+00,3.692679710270279969e+00,-4.662514148549307791e+00,2.352420372458133180e+00,1.073004827034299558e+00,-3.096225632170897857e+00,-1.751781310791604707e+00,3.065059164411029435e+00,-2.771634941378584127e+00,-4.396395501766557357e-01,-2.449523195063192826e+00,-1.979395749909524937e+00,-9.352404691290617800e-01,-3.411103829561875855e+00,-2.327087782577156538e+00,-2.116519504870151724e+00,2.308747859070570119e-01,-2.117605013900015987e+00,-3.228410904423986594e+00,-3.322703875300224041e+00,1.713864573586814544e+00,-2.344359577927677130e+00,-1.052417730059293843e+00,8.431867941288170298e-01,-5.145285040499498308e+00,-1.527204498232891616e+00,1.303605404207363261e+00,-1.073412840609685004e+00
8.479519671929660607e-01,-4.860415398713159862e-01,1.131583698757494094e+00,9.303560557406410636e-01,-1.204018846161549749e-01,-4.646018190017433547e+00,1.268325877112094657e+00,-4.815298003329411713e+00,2.269848858599945174e-01,3.808157937253981995e-01,-5.084178703371717845e+00,7.930984320240841434e-01,2.526279155143381416e+00,-2.503486583274602051e+00,-1.048205552782671135e-01,-1.547609053057107831e+00,6.080324190683094265e+00,2.706510497761096534e+00,7.500923280411785077e-02,-2.563086332727565475e-01,3.850740049110714103e-01,1.551704952388721859e+00,3.024433202466310644e-01,4.020047897051747476e+00,-3.327815104351361519e+00,-1.059366349216253722e+00,-8.585697469022433026e-01,-3.091236004800399062e+00,4.078165306242665267e+00,1.716063331090094124e+00,5.800409098042915712e-01,5.690080215436306155e-01,-6.269073199151836917e+00,2.791744054409318387e+00,-3.924859206993598915e-01,1.096510304640313377e-01,-5.815799159213163705e+00,-2.678312035532467661e+00,-8.199229617958613686e-03,-6.454811960700836959e-01,-1.031122961968102603e+00,-5.416668111809147312e+00,3.369283340868105991e+00,2.702481416859746410e+00,-9.073678352674154068e-02,-1.703744297609675051e+00,-1.547714178838407451e+00,3.108520351095770962e-01,5.860858034294421870e+00,-2.468962648438286778e-01
-3.030064301454855613e+00,-5.612829909683115126e+00,-5.376950300604510069e+00,-1.857921400320027949e+00,1.010832905956617456e+00,-1.932627317649041165e+00,1.937848895747577238e+00,-1.132356811243349526e+00,-2.398942182409695145e-01,2.243628435262898346e+00,-3.689464603750002958e+00,-1.616537952050023819e+00,1.701606450651728331e+00,-5.156291626714094356e+00,1.977495903869914973e-01,9.549336079045346315e-01,-3.642805434132571740e+00,-5.953306603401796737e-01,1.177329821253602526e+00,-2.826046554026131474e+00,-2.436806346016560543e+00,-3.603806287703004596e+00,-2.466726672603907211e+00,-1.151949213817280659e+00,-2.433183120046123804e+00,4.561072146479302702e+00,-4.205233262599033850e+00,-1.063828483833157756e+00,-4.058856863072823451e+00,-3.275222006987727141e+00,3.696013202828305477e+00,1.919708500459699652e+00,1.683416271084722526e-01,-3.925031698528657076e-01,1.955754802456009411e+00,1.965856016875555889e+00,-2.085715101494486579e+00,-2.331135959035362415e+00,3.663289284004944246e+00,3.018940576250649599e+00,1.074869419402201931e+00,-2.122107149830790185e+00,5.170264589225890273e-01,-2.306469418956415218e+00,-8.480946725207231252e-01,-3.821116800434477323e+00,-7.483080324294300034e-01,-4.760820115556250620e+00,-2.719379578000053144e+00,-3.203865488125968941e+00
-1.863894976320806585e+00,1.253120048225879524e+00,-1.773663594935429577e+00,2.660670517154477555e+00,-1.089799768866684282e+00,1.770925128623878519e+00,1.798723225846074469e-02,-8.534083542283674717e+00,2.462564582601481089e-01,9.503506938295183115e-01,-5.093411200699962116e+00,-3.400591403818561953e-01,5.922122144558958468e+00,3.173133001384972562e+00,-1.061125211357023979e+00,1.797733808761743379e+00,2.541564221948634295e+00,-4.682211664353311598e+00,2.761547106012773867e-01,-2.280654041665311382e+00,-2.790716814943908108e+00,1.311975982491083270e+00,2.341027424114993760e+00,1.948403237206973060e+00,-5.399525297799183665e-01,-9.295610385829432554e-01,1.340497045050550451e+00,-5.327910249217159278e-01,4.917399344853246035e+00,2.349942115503113715e+00,-3.416846768091263975e+00,2.228493496354195802e+00,-5.762239247947110954e+00,-6.140876278963681933e+00,-1.922909691687084699e+00,-6.257951217427312196e-01,-1.881156972457656229e+00,-4.860569159460044197e+00,-3.174160439498665998e+00,-1.818775928102687400e+00,8.053215276595765415e-01,-3.452955614548343988e+00,5.376756470013991596e+00,1.321624523288277953e+00,2.378857791156656354e-01,-4.376625040226014285e+00,4.411625038910908181e+00,3.260558840686537785e+00,-5.326280494609955118e-01,-8.939578530161667036e-01
-3.722998033847295218e+00,-3.282213672575045926e+00,3.205762874771773241e+00,3.427126769787627758e+00,2.762393836784226564e-01,3.270224310021327407e-01,1.778829223934933257e+00,-6.011902295166729360e+00,-7.076185011559062987e-01,3.574595179290940727e+00,3.750561231798166695e+00,-2.018425074399362806e+00,7.678615762296553404e-02,-3.704171166009760374e-01,2.433041252600278703e+00,1.324540667872531330e+00,2.860344046816572394e+00,2.417993207498163155e+00,-1.919457825998734268e+00,-4.386100879245909967e-01,-3.409206790133509912e+00,4.495969020463213894e+00,6.318780005145722356e+00,6.945404104295037406e+00,2.296583504198403070e+00,1.394082822258407184e+00,8.240259204656975589e-01,3.196678403443296013e+00,1.764281532146556808e+00,-5.286637557524361597e+00,1.584959227619705091e+00,1.991907893662771878e+00,2.597403305112846006e+00,-8.613591583746892377e-01,2.375204170342841259e+00,-5.711906216958875238e-01,-2.351461359336446122e-01,1.314505275832299702e+00,3.638119043371873751e+00,3.865143530713332165e+00,-4.548521760129856650e-01,1.266255090521642757e+00,-4.707612387849023250e+00,-9.277930377894522129e-01,-1.458247429697620223e+00,9.425062324928955571e-01,4.073615362654268157e-01,-5.414383037978695690e+00,-3.585479316751805534e+00,-1.467361881739584817e+00
4.191130621935386102e+00,-2.297629887094092105e+00,-3.029214268401603238e+00,2.442677897974313783e+00,-4.039537703544760383e+00,-3.090672172647004889e-01,2.966652242647803028e+00,6.545397559576139557e+00,3.820326396377712319e-01,1.349444918689067352e+00,-5.680693749423383565e+00,-5.741042092448707113e-01,1.481017122961199028e+00,8.707296382484377428e-01,2.353597244184552295e+00,-1.717908604910051817e+00,9.816951833846898623e-01,-4.134084188384934855e+00,-8.378687099460134791e-01,-5.899289625232849721e-01,-2.720690841977811303e+00,3.726267394195814209e+00,1.391710000994435203e+00,-4.098836370945123875e+00,-3.079435537360087238e+00,1.340210354752406463e+00,4.346118689607668450e+00,1.925340500934688892e+00,5.410359993652381405e+00,3.032561478764221441e+00,-3.613207657135873330e+00,4.083559051729125144e+00,6.030658600538768788e+00,2.126013189391924740e+00,-2.120940063012187959e+00,-4.292519015733556209e+00,-4.431061621412350493e-01,-2.475092156930525089e+00,3.103244950424563164e+00,-2.085282537509453693e+00,1.014380421937586041e+00,-1.993572607491293613e+00,2.976236746807408018e+00,-6.991743482514490848e-01,6.457885881032689568e+00,3.180223113280807645e+00,4.142774056359942669e+00,-3.466844805263471496e+00,-3.138078151724569498e+00,-3.076834197002419558e+00
5.219804349539857391e+00,-2.584633225075622098e-01,9.159606950959315874e-01,8.520347227949387481e-01,2.779179454353581935e+00,1.634238996157008324e-03,4.606478498386119114e+00,1.019527172143761318e+00,1.299765932813082170e+00,-2.470749627287791572e+00,4.638664578348499767e-01,-2.670752275913912843e+00,7.759565970691917336e+00,-3.992220596830597046e+00,-4.193817066051161113e+00,5.336651660042063261e-01,1.508886840694283693e+00,-2.015381415108483121e-01,-3.950761979679974445e+00,1.337311051547638963e+00,2.076001423386611144e-01,-4.622049759387790169e-01,2.293880899808731666e+00,-2.085053977478804832e+00,-9.506353456748287689e-01,-3.672095043959842542e+00,3.090398350628194457e+00,-6.450008756128925436e-01,5.697125468266754922e-01,1.423947265576053667e+00,2.466519752603253401e+00,-4.132173157222739784e-02,-1.585273489869579722e+00,5.537029999582685491e-01,-4.207709364167160904e-01,-3.163915754130498748e+00,6.863501667369276138e-01,-6.316940035366684913e-01,-4.910348268981236108e-01,7.210260558547603615e+00,2.382703228982049559e+00,-2.603837128999111350e+00,-4.302523789975579938e+00,2.682600438480016725e-01,1.303384983694660493e+00,-6.138018935895862782e+00,2.639124617869490930e+00,-3.564746134820523604e+00,-1.981750259041208162e+00,1.309490356907787367e+00
1.550722067257824577e+00,-2.861075944478753463e+00,-4.162700137066036810e+00,-4.727291365872248186e+00,-6.474160747038745223e-01,-1.233004502022560178e+00,5.966593968685084404e-01,-3.651352496349731691e+00,-1.856970242501255530e+00,-5.267779335654953599e+00,-1.207805493543246289e+00,1.728900503758523666e+00,2.707225630417765760e+00,-3.499567513214560055e+00,-1.481529781196160522e+00,2.769916189851663990e+00,1.170371897754511004e+00,1.108796636783789369e+00,-6.710101289978581685e-01,-3.420808783586659185e+00,-4.402988185265149568e+00,1.949756089581647478e+00,3.846037485564784975e-01,2.639801048234725833e+00,5.296477277418044916e-02,1.031935762247772059e+00,3.795630109639026362e+00,-1.830276379986881530e+00,-2.503163951399890674e+00,-2.824718493589529089e+00,6.053641080450818945e-01,5.940717025905329907e-01,-1.849074093595992174e+00,-3.376452070718746867e+00,3.128664364188046498e+00,4.177397796460390111e+00,5.686472691384676814e+00,3.730517564592059632e+00,5.049479239459782498e+00,-4.891879994370905038e+00,1.627581139045089831e+00,-1.306509487780284640e-01,-6.711454300923155536e+00,-1.898078042483548833e+00,1.167706668233995160e+00,6.859178123244830338e+00,-1.250679970888917358e+00,3.739764713043526312e-01,-5.590695647057990492e+00,1.785931083722425150e+00
-6.097548258303571167e-01,-5.106499473251776777e+00,1.408324269657942551e+00,-1.289331615650394447e+00,-5.549843149648872931e+00,9.306774757828671918e-01,-2.489626900462615033e+00,2.037067687011293593e+00,3.283922013513646210e+00,4.593927235698552103e+00,1.148180903303925415e+00,8.644163487586744576e-01,3.109665639394317171e+00,3.303504960385493128e+00,-1.427156339515897043e+00,2.015150799110675628e+00,4.921248961276316614e+00,-3.388242988860572513e+00,3.132513679670407392e+00,-3.145079788044360392e+00,-8.398819393524314947e-01,6.960028299829001064e+00,1.627740679501896270e+00,-1.298580747436802518e+00,-1.244850846828858604e+00,-2.378457244671265070e+00,5.169632075604028820e+00,-2.183344763450832282e+00,9.055609940525275459e-01,1.318339094344219919e+00,-2.690993632514843692e-01,6.062582798404810847e-01,-1.450403428537420103e+00,1.700656373995993675e+00,6.469625146873626775e+00,-1.703945955235668164e+00,-8.874277403058831837e+00,2.446635302310447901e+00,2.170859485909589104e+00,2.262106683998951873e+00,-1.393736995528896738e+00,3.734282406199966431e+00,-5.061298942579355753e+00,2.147195673585687192e+00,-3.182572894712926370e+00,7.690330634702782220e+00,7.241509617525645481e+00,3.058491536289298929e-01,6.810931923948303490e-01,3.894345998494999961e+00
-3.709821392739505730e-01,3.578154014052259857e+00,3.938300008202298752e+00,-4.353535347479589035e+00,7.876487781704828439e-01,-5.340792452271609037e+00,-5.590029137108876167e-01,5.298754321484646646e-01,-1.337206009207065227e+00,-6.425160353933375923e+00,1.482946466960170184e+00,-2.799315081753479539e+00,-1.105968825584206616e+00,2.472461772776473499e+00,1.066218828729021267e-01,3.488526646521786567e+00,2.314673105780490125e+00,6.692056361722458213e+00,-1.740402397338704832e+00,-2.104599211947511428e+00,3.085959806803792560e+00,2.470708780174099672e+00,7.183820464490416891e-01,5.537644041669013140e-01,4.233222811307353339e+00,2.952722960344771330e+00,-5.782560322260909658e+00,-3.713634465485955716e-02,4.579119890878190269e+00,-3.700349116981527797e-01,1.783384304315142332e-01,7.791861009624517775e-01,2.876953262221683794e+00,-1.318524622781681144e+00,-8.870514518452619068e-01,-5.232994260080350291e-01,4.526037058332295970e+00,-2.045421831724658357e-01,2.522878924386598332e+00,-3.522748296775410903e+00,2.851109176441278814e-01,5.206180701079246020e-01,2.433060849908657008e-01,-1.937349481160697939e+00,1.087760564071389657e+00,2.541766995856401756e+00,-1.483333191387609995e+00,-3.388651911742158074e+00,-1.443510514777719855e+00,3.617048921436305964e+00
2.995535202067457492e-01,-1.202599575867243864e+00,1.054411636934372842e-01,-5.869288206777155459e+00,-9.834771233442092531e-02,-9.785723737833931235e-01,1.044747153654468352e+00,3.706180233852828021e+00,2.582182192608292404e+00,-5.847669355556242010e-01,-1.611130354292036770e+00,-8.541105293896698925e+00,-3.703154598796255303e+00,-3.126414271266330758e+00,3.008931929000992156e+00,-3.419205998979208072e+00,-4.202259608540641622e+00,5.697443289023821578e+00,-4.011292964910181169e+00,1.473550802895609468e+00,5.152545204141371293e+00,2.305986555213378697e+00,2.873354525698643691e-01,-7.648252587442631034e-01,5.005378759720239046e+00,-3.209207729599060643e-01,-3.909564962496851592e+00,-3.294737350942968046e+00,3.049724463708303746e-01,-9.685588391122197383e-01,4.528641595642551310e-01,3.297909839636314455e+00,-4.797750991765463269e+00,-1.470780082056509785e+00,-1.761435863675089308e+00,-3.690930834265365057e+00,-2.819365648776941846e+00,1.826118988301127510e+00,7.865396253668597293e-01,-3.892371488056995954e+00,-9.249319062243844813e-01,-5.622627265599535740e-01,-1.901422285102527532e+00,-1.212647344232629321e+00,-3.911514734839970087e-02,-3.101275296757869615e+00,-1.719251475234560678e+00,-4.241355455504613126e+00,-2.663278951705441155e-01,1.137146894787254725e+00
-2.576075182547458819e+00,1.920479859231986719e+00,-3.488115206931018175e+00,5.602132378539809388e+00,-3.855433801599469135e+00,-2.629588348374960027e+00,-1.524384766659821366e+00,-2.632960199106758603e-01,-6.261018984423490918e-01,3.305499904584421889e-02,-7.978761107303970590e+00,-3.724011940437805368e+00,-6.305583719498485118e-02,-6.532057972341549501e-01,1.478594445113028621e+00,-1.197464456927364695e+00,3.276354657113031088e+00,2.623790044689378043e+00,1.110721361576933131e+00,-2.914542543721556078e-01,-6.921742892495118538e-01,1.107018568326138652e+00,-5.138532997736811048e+00,-6.234848843151659992e+00,-7.601933997537859700e-01,1.574201308613026595e-01,-3.250620002845841405e+00,5.083491216929843404e+00,5.520670626501098965e+00,-4.787125081077292066e+00,-5.907222728232904174e+00,-8.294649187513693178e+00,-2.448213150905112823e+00,-1.937658887968015442e+00,-3.126014710555491849e+00,-1.928112967430598790e+00,-4.443957800278895753e+00,4.972265845695239328e+00,1.126583066157282875e+00,-2.794526501827089504e+00,1.585678138292319517e+00,-9.159360565115631791e-01,3.992180618988500629e-01,2.924760288647092921e+00,-5.080284007125640322e+00,-2.386191353674694593e+00,-3.761407251849720468e-01,3.205133410595307986e+00,-2.534758540235104718e+00,-3.739262794973879256e+00
1.967147243052621119e+00,-1.381650316735904216e+00,-2.090455720281001462e+00,4.906831700985071265e+00,-2.051449843505195325e+00,2.135489362155535087e+00,-3.486026725268306925e-02,-4.230288398607042311e+00,-1.111565518091866656e+00,-2.290593697506228210e+00,3.262665023292266486e+00,6.867410600756022054e-01,4.800572758694839237e+00,-1.686510720848307943e-01,-1.815272952506403525e+00,-1.425090423102481074e-01,-2.230198313104749364e+00,-2.633833631205118486e+00,3.738859094990700349e+00,-5.989553823544954136e-01,3.032251037124138460e-01,1.663661238784548413e+00,5.487534347380008670e-01,3.345696430639769847e+00,-3.767270379013579973e+00,-6.627110216708067547e+00,-1.793195759967381342e+00,6.128784771584504520e-01,-2.428153138476822459e+00,4.349115432822609151e+00,-5.112217789310536276e+00,-2.541448937209322523e+00,-5.780822253543725253e+00,-2.116931143266230109e+00,-1.765330952212478266e+00,1.761465105593543523e+00,4.611443748917205987e+00,-2.932159004233403921e-01,8.131675657497424714e-01,-1.983803094390253152e+00,-1.700223868161611085e+00,-2.424619004602928118e+00,-1.657551165454028697e+00,6.363093750539088322e-01,5.310524346346843227e-01,1.021735516317965331e+00,-4.352023919414955699e+00,-5.629986306348811809e+00,-1.266583892074252704e+00,-5.309894656598357798e+00
1.226618773647325300e+00,-7.662530088454043709e-01,2.744395600458075180e+00,-4.270254250528540574e+00,2.707661358182226419e+00,-2.171706875988709040e+00,9.620680051570758007e-01,1.939150717079892505e+00,1.470836588999940409e+00,3.888483330940648575e+00,-4.512956345970843941e+00,8.127611459560194263e+00,4.868995932550042482e+00,-2.092483748651844166e+00,3.563538308512359531e+00,-2.913660500870105530e+00,1.132057495681211279e+00,5.400384279501760254e+00,2.697140581227441825e+00,6.538647197685401591e-02,-4.131528036318984909e-02,7.358218195698486674e+00,-2.502918203962485766e+00,-2.947748086582696825e+00,2.590267915673632793e+00,3.607305199967871356e+00,-4.828771670519542702e-01,5.508786602729113469e+00,4.558364936879217844e+00,-3.591785641727871514e+00,-7.877975844443558806e-01,2.487663695713485001e+00,-2.169094953763192724e+00,1.008121783372509350e+00,4.046251212471122294e+00,-3.181476166638991465e+00,1.546754691698684070e+00,-1.375505346645657934e+00,-1.777267284673817116e+00,-1.020205483481930075e+00,-2.476912506354840282e+00,-1.408786704278191859e+00,1.140629376651748628e-01,1.195459727839236930e+00,6.764356742394997957e-01,-1.378965087639490439e-01,3.059839596862272693e+00,2.306519538904186373e+00,3.044705144399031393e-01,1.682323125561768773e+00
-6.399247654745969349e+00,6.285963591052519561e+00,-7.697098859739079924e-01,-5.031692054525883862e+00,3.879425810630322768e+00,-1.878565965745541577e+00,-1.860375836661231075e+00,1.951623657636515796e+00,-5.019784515160244931e-01,2.253399219230980854e+00,2.025132832150454476e+00,-3.860611979862081711e+00,-3.029499893241668573e+00,-1.114887652939122509e+00,-3.148321693007270383e+00,2.825047794646539656e-01,7.057324380678164921e-01,2.876953770318341430e+00,-2.691089084251520269e+00,1.738906780509092698e-01,-2.215967250198812355e+00,3.337875543966006830e+00,-1.267384841620569080e+00,-8.962029858959649209e-01,2.816529012394308751e+00,3.401272328661011812e+00,9.966811321952732783e+00,-5.230690548646909299e+00,5.844674280619403639e+00,2.877241872649421994e-01,8.757079756359219758e+00,-6.850819036260910266e+00,-4.620352932087016029e+00,1.391052843746579393e-01,-3.358926007421293658e+00,2.837419565596306370e+00,-5.535318488356619326e+00,3.535578470318824773e-01,-1.162970168373103075e+00,-1.138155207243860989e+00,2.802244742651802234e+00,3.554077349598896873e+00,1.166958992941551365e+00,2.154089314776878261e+00,5.589092709697460748e+00,-5.243563118060665662e-01,1.027169467362760935e+00,4.319261061076524300e+00,-2.851713099519299188e+00,-2.636704255291116628e+00
-7.823533630614727397e-01,2.627556603834133031e-01,-5.237915600154011697e-01,-1.064443604575557645e+00,7.452937698712732706e-01,-4.474073002344233885e+00,9.483499664755002945e-01,2.467500031870998090e+00,9.332342505532782717e-02,-1.072460139567935400e+00,4.466068949200168170e+00,1.074383524436004045e+00,1.483719436062454378e+00,-6.484853951832436181e+00,-1.393290551466044525e+00,-6.832688260382593359e-01,5.152147959336867977e+00,3.752165133054356505e-01,7.897235815446014551e-02,-6.542583113247567583e-01,-1.643729770698277415e+00,-2.472900890148958641e+00,-2.652155309754981705e+00,1.241891247982986002e+00,4.201251482179330310e+00,8.856829844098329518e-03,-1.980141483337818920e-01,1.288303617078854657e+00,-3.695279023444536737e+00,4.882527931275385535e-01,-1.579880571437599635e+00,7.869130304204833948e+00,-1.601601961233620974e+00,-2.712981562170677652e+00,-1.951530024654140494e+00,-6.961218920660855458e-01,4.933467601794168544e+00,-3.991734486127859749e-01,3.063774578231082568e+00,2.102466449947617999e+00,-2.980573164787853058e-01,-1.454622009492261503e+00,-1.448943118537898256e+00,1.968471431420067974e+00,1.745522394755661288e+00,-3.276223593944215917e+00,-1.414601239422767609e+00,-8.876156301205475607e-01,-2.294217274466411105e+00,1.693423320066481885e+00
1.115810534986366287e+00,1.096164097813085103e+00,-3.334085905226998325e-01,-5.396092860047983386e+00,3.396719778480278062e+00,-8.621479275337339265e-01,9.490200070975226554e-01,-2.574744625507995544e+00,-1.992371122206965994e+00,-2.704851429827496379e+00,4.181880455577181799e+00,-2.448876228698680269e+00,-9.186172050109706610e-01,-2.458015072543952240e+00,-5.005048516436116479e+00,-7.283108324834229874e-01,4.831999237536937386e+00,3.775553104086252443e+00,6.737599017212927421e-01,-9.210125731307359231e-01,1.103527853645708934e+00,-8.946657768366633734e-01,3.321917256068621871e+00,3.364351943966777281e+00,-3.647117405038656762e-03,1.433105167228690968e+00,-1.210361895154939305e+00,4.275239523894608595e+00,1.429140461324023059e+00,-1.671319905919508519e+00,-8.029879871801186564e-01,-5.270820654815398854e+00,5.101538466979157249e+00,3.330931949668999303e-01,-8.268530682044606950e-01,-3.753563130955127836e+00,-6.827707726188365633e-01,-2.191025511283558824e+00,-2.297937924235474050e+00,6.113631411445512587e-01,1.303967902186085048e+00,-2.614493920802388516e+00,-6.411183157261274301e-01,-1.358412258158533836e+00,-1.119772417687402988e-01,-1.127736222056459070e+00,2.060378234514927964e+00,-1.050538817061286156e+00,-1.545772601527706458e+00,4.781262838964627448e+00
7.331656221069345891e-01,-1.452743106196292100e+00,-4.128771886027528204e+00,2.798280767936883517e+00,2.506792387216078222e+00,1.157060039428221110e+00,4.489789611322939855e+00,3.896428054778861227e+00,4.650841820504541424e+00,-1.031711405001911386e+00,-3.554335815176572932e+00,6.300489246367328988e+00,2.633237921806824922e+00,7.449166438038469229e-01,1.913142376822190460e+00,2.223290834671258764e+00,2.695705015920891512e+00,6.527181122939607061e-01,5.338661469314729402e+00,-3.169264691052786187e+00,-7.928218330763937560e-01,-3.550364225585695976e+00,2.402078852360062466e+00,3.569828461899798300e-01,-1.022313829086891834e+00,-1.283297933935267032e+00,1.140189228865044369e+00,-5.085353138070508594e-01,-2.249270409004612059e+00,3.269969034005577035e-01,-6.393773595054462466e-02,8.319646517184217105e-01,-3.668545089591209729e-01,-5.282580610874547666e-01,-5.574633590123626803e+00,4.403482240710760443e-01,1.546651467608609165e+00,9.418193718335987619e-01,2.488001000624333048e-01,2.144146107259966350e+00,-5.616764209410723963e-01,1.362618431328921131e+00,6.265376500708996765e+00,3.570666243711609900e-01,-2.744143659148082559e+00,3.725957384115902715e-01,1.734926078965080887e+00,1.860494673788892106e+00,-3.883651540571416039e+00,6.119555094749422608e-01
-2.903981603700369618e+00,5.057868447721470595e+00,1.185842825034080894e+00,1.961295876386853987e+00,2.367251348438327518e+00,-4.096187201990111326e-01,2.373209226621230683e-01,2.392691753471622995e+00,2.627753587108667133e-01,4.020234227215568334e-01,1.158216246033105135e+00,3.251546259733592237e+00,-2.674104708258872698e+00,-3.804809214813284490e-01,-3.579028339722494234e+00,4.209097954745036674e+00,1.705877175295895887e+00,2.472379266422104926e+00,3.510928212896526013e+00,-1.137534023238795378e+00,3.438681147337959487e+00,2.383721769080847874e+00,-2.488430802347964210e+00,4.726648169631484819e+00,1.446085818590194583e+00,-2.607279294994893970e+00,-1.580539750810693311e+00,-4.956741646205046203e-01,1.044366768024385550e+00,-5.760806658710292183e+00,4.559451533874674389e+00,-1.854541390649258936e+00,-5.585324245113741926e-01,2.372854233479166908e+00,9.620175804170181255e-01,-1.205269853462076907e-01,-3.578821035588866661e-01,1.268918529090322433e+00,-3.353876788427434974e+00,-3.425890005795181548e+00,7.485585919831759805e-01,-4.954955609831948493e+00,-3.598301500094238659e-01,1.855511747583915572e+00,-2.507262042751408626e-01,4.822825821367245247e+00,-7.109036030346475243e+00,-2.033277903147409305e+00,-4.668427653053796256e+00,-5.156479558762279147e+00
-1.009148271815670794e+00,-1.601678665526657941e+00,-6.115967050628656754e-01,-1.064930648877491226e+00,-1.757528035427748270e+00,-1.587358300254031185e-01,-3.136053491876917843e+00,2.508342085877151906e+00,-2.190869568057132621e+00,2.475416771237697766e+00,1.863742853997869320e+00,-1.865110909255314864e+00,9.866290049196159151e-01,-1.372973797949390784e+00,3.072429989762341052e+00,1.892011470080248392e+00,1.744158012066335584e+00,4.805321846574641675e+00,3.177338958633025623e+00,3.922827352873145657e+00,-4.158453473711656301e+00,6.810486340090179391e-01,-1.498741453290177716e+00,-4.670445161301794101e+00,1.976458568260433424e+00,-1.781237751881610931e+00,-5.987218042846405019e+00,4.151259452321315102e+00,2.063905076236994152e+00,4.311453384657831123e+00,-1.502921467800712785e+00,8.998406828257426326e+00,1.219802427904169706e+00,8.328593631986640211e-02,3.966374146047486171e+00,1.333183871738554682e+00,-1.389200293581210888e+00,-5.245698708750489159e-01,5.492044785967244991e+00,-1.519696862344240396e+00,6.806238818547909464e-01,-3.609743387201870934e+00,1.100897322369570830e+00,6.100248002011110948e+00,1.010384450269965706e+00,-2.904436918543161994e+00,-5.761037676254288087e-01,2.724273155332367580e+00,5.688730539002409436e+00,-5.596162253276503407e+00
2.724973933080549582e+00,-4.975768014291054087e+00,-1.332520279272403352e-01,-1.341980382911798664e+00,-8.147141974136931086e-01,-1.582752866541436765e+00,-1.368406220923620742e+00,-1.548099854684315213e+00,-5.807234935046936997e+00,8.507449084350897361e-02,-7.841258048262249147e+00,-8.315593826760494522e-01,-1.063051300896577400e+00,2.695051952614137616e-02,-5.797022081539512373e-01,5.128872010201288134e+00,3.289111747363397509e+00,2.543394767304854920e+00,2.185853307420524555e-02,6.039580838609715840e+00,-1.270877354671617443e+00,-1.605095214751108390e+00,3.662509704228506524e-01,1.747001462991877085e+00,-8.635229770185437914e+00,2.888088170369815244e-01,-1.702634186688559481e+00,4.065592317772614983e+00,1.562783304239953042e+00,7.348569799510622502e+00,6.948857008209072816e-01,2.715741685379666759e+00,2.916013804499138384e+00,2.203014617837977807e-01,-1.999252309102471370e-02,-8.359607840341674034e-01,1.329157090032609512e+00,-1.771813072449202497e+00,1.755466508110999468e+00,-2.730701863341301605e-01,-1.357442386415586011e+00,-2.777689947340955978e+00,2.387734854041842159e+00,4.704181717555708353e+00,2.106470578753645739e+00,-2.664422432535390239e+00,7.714986478753862897e+00,-5.360345897173549590e-01,1.940376502183243645e-01,-2.589005665139981982e+00
7.440925310126084158e-01,-3.571186045448198509e+00,-3.178676517412889702e+00,-2.727630615293845651e+00,-8.046606232752694376e-01,-2.746568498046532691e-01,5.989570774510602824e+00,-1.676258340738294272e+00,4.328616804063177170e+00,-2.355607525854285456e+00,-8.621512619469009486e-01,-1.938131308376159323e+00,-1.042210771544117121e+00,1.052462157951396859e+00,4.978061741301295307e+00,-4.929849519099024135e+00,7.934788230708781365e-01,-5.833334054058160412e+00,7.590662679423679116e+00,-2.380513611017538445e+00,4.337002450324459524e+00,-3.528591199799963718e+00,-6.850296700411355744e+00,1.172986293903860000e+00,3.546426513487498156e+00,-6.805940197043123252e-01,-2.533869308172211454e+00,5.679355251458819254e+00,1.417523912864477875e+00,1.781641377163783346e+00,-5.369576151190653263e-02,9.456945071869790054e-01,-1.572057877327737829e+00,4.791107802109867642e+00,-4.042126432844180606e+00,-4.304587476510915778e+00,-1.448866590944855703e+00,2.510724207838892053e+00,3.943987122689648350e-01,8.758031720219319194e-01,-2.095105901882035937e+00,-3.114002473689903017e+00,-4.697739713970506825e-01,4.039290581466871366e+00,1.711630618057329523e+00,-1.213137260468178491e+00,3.535448389004900882e+00,-3.020275283541017153e+00,2.496988046301800157e+00,-2.000921094518454346e+00
3.426014417084603192e+00,-1.596625614967151385e+00,8.868498126158547157e-01,4.699898553561467907e+00,5.908078525670440451e-01,-3.177432669323377201e+00,8.791568971112177777e-02,1.026638750324270433e+00,2.105180872277984810e-02,1.918818824683035995e+00,-1.991689635247714696e+00,-3.733885814633058242e+00,-4.948866865673464233e+00,1.570097842128871601e+00,-1.148905913459978834e-01,-4.288124145145652655e+00,4.312720014352335873e-01,6.247543328674627361e-01,-2.799385184997199572e-01,7.121350079610830441e+00,-1.600965326677341594e+00,-1.715779532133895335e+00,-1.306122525589471062e+00,-9.576446095150030757e-01,2.650422727970442871e+00,-3.332592449744259611e+00,5.262729419869635050e-01,-2.133782693539761688e+00,3.559090228755153462e-01,-4.095469216324057804e+00,1.619403778064072430e+00,-3.938883130736723803e+00,-1.204683944948083285e+00,-3.573482128394001034e+00,-4.583446302248430193e+00,9.472160108449430016e-01,3.392876825630656290e-01,-2.355369636337277583e+00,1.055352866786478216e+00,-2.226560500867293069e+00,-5.262377867198301251e-01,-8.318004902094865427e-01,2.862380828998845050e+00,4.332535632187195063e+00,2.198365988502853252e+00,-2.144808588394698123e+00,2.526269298715764666e+00,2.558651629492370461e+00,-6.888870077528522762e-01,-1.260866967148481566e+00
2.470010318514373360e+00,-1.153522534019353118e+00,-1.435624349051531912e+00,-7.061344668964676385e-01,-3.986757494539741042e+00,-3.379495561628982792e+00,5.740630669940777198e-02,-2.713591848460796374e+00,-2.588112608461806463e+00,1.077081331027321065e+00,-2.177905459207080674e-01,6.137351304174007982e-01,-3.105189233598830700e+00,3.189321026393043379e+00,1.051678670345143063e+00,-3.993299274422233425e-01,4.658833190104181843e-01,5.481500217865411528e-01,-1.298601658165607242e+00,-7.539208661229187536e-01,1.738913708541724557e+00,-4.086408500095071616e+00,-2.948528080881295477e+00,4.647387135315343976e-01,-1.211201140546827482e+00,-6.247932700246441762e+00,-5.486389379747142137e+00,4.345462283508382817e-01,5.722516651902982421e-01,-4.998122643915767216e-01,-1.381551590051365963e+00,-1.392657132039355261e+00,1.706672707147653734e+00,-2.455870455149563814e+00,-1.427541560991964609e+00,8.260074334096663140e-01,-9.578350433578762813e-01,-2.172684625773452227e-01,1.826252767630994617e-02,-6.411561362014097654e+00,-3.122209355372238981e+00,-3.209098640076943010e+00,2.998407965677958864e-01,1.058848547867214274e+00,4.562860710746375476e-02,2.378300022035682915e+00,3.413252960595037244e+00,-4.000607536040376111e+00,-1.250565587425359615e+00,1.059824316603196159e+01
-4.280057910720554304e+00,-1.628406355334494293e+00,5.254184671685444563e+00,2.585919317464932643e+00,5.051451067533494488e+00,-1.998546615066523757e-01,3.414645793890075609e+00,-1.323911169062702786e+00,7.613942874711516318e+00,-1.524812377427343435e+00,-1.372377753996130823e+00,-2.524112933556543314e+00,3.330813205113088982e-01,1.068187060057178783e+00,3.366578772599857494e+00,-2.347259574208379052e-01,3.849203039631910794e+00,-1.563905397351898152e+00,2.981534647249123093e+00,2.588743096807723632e+00,4.152335962984644802e+00,3.495283989377263811e+00,-1.461260011546327564e-01,2.347585222443191177e-01,1.124593442132556520e+00,3.635615832453958696e+00,3.486491165979892948e+00,1.715218968247969045e+00,3.783076268396166508e+00,-2.046665702719900004e+00,3.596477845345955160e+00,-1.676216811684085206e+00,-1.463771287921587505e-01,3.227570610375535276e-01,4.838341772154819864e+00,-6.933467411399846236e-01,6.146114145058770850e-01,2.808483893435107959e+00,-1.837886530533603846e+00,-2.299231102996659448e+00,-2.830561305726076338e+00,-5.521841358599774985e-01,9.136655685695067586e-01,5.170353128252672903e+00,6.300673300664927368e-01,-7.131318226391195614e-01,2.618036653970154948e+00,9.564941254117140801e-01,-3.615207037137470270e+00,5.203681672162243643e-01
6.020882320645751795e-01,-9.001710992717645299e-01,-4.790586593443469376e-01,2.602378162722469135e+00,-1.718623304320361367e+00,-3.928202354160900800e+00,3.315562008351652601e+00,-3.308457752989722778e+00,2.350372801637831355e+00,4.759436689173418777e+00,-8.227701632066133364e-01,5.693888015977370820e+00,-1.035012591558820860e+00,1.136944333890858028e+00,-2.553680868970004347e+00,-2.775291276449889821e+00,5.264756073007768933e+00,-4.507308157590648179e+00,1.640623068031839216e+00,2.403238875197950541e+00,-8.817995460437270339e+00,-2.357898412917616593e+00,-2.671175570819160683e+00,-1.289361582160884201e-01,-2.509870380724040118e+00,-7.190238041023153670e-01,-1.520198670421605058e+00,-1.603789595791017319e+00,-2.175408797628359814e+00,9.709558190700214864e-01,3.617363483112824518e+00,9.706802294610546167e-02,1.125453922000097862e+00,-1.192784596910440253e+00,2.846391431983966491e+00,4.049714761145097874e+00,-2.880076173541324280e+00,-8.088093934674486229e-01,-5.267664038991652475e+00,-2.369392459976294996e-01,-2.868323443093392378e+00,2.826462554860071030e+00,-2.258822144780804120e+00,-6.922524771977836444e+00,-5.372357891183446199e+00,-8.703473193025407229e-01,2.397698041737377217e+00,8.450786670045362658e-01,5.803690527730978488e+00,2.589146388615946037e-01
-6.621046840337982964e-01,-2.606161527830775260e+00,1.289538344934781255e+00,2.416680165816314840e+00,2.163827113578475458e+00,1.116395969868499760e+00,-4.174173616586950963e+00,-3.926223630795768749e+00,8.711920770936396607e-01,-5.800132268118167733e-01,-2.265909744754611085e-02,-7.039379358602948500e-01,6.318567059612865133e-01,3.478226814530936406e-01,-2.031511968601533713e+00,6.474468165844089740e-02,8.791079888962884947e-01,2.229302173401240594e+00,-1.565739527574035339e+00,2.128225462669343759e+00,5.599391174529000370e-01,1.526519428612746365e+00,3.189212735616846484e-01,-3.731624839391813331e-01,-6.123892105454978863e-01,-2.251315182533842663e+00,1.177184285952580733e+00,1.410519209604402358e+00,-2.947375335055937295e+00,-3.658730530723009355e+00,2.160644199903872131e+00,-1.380326427317869253e+00,-1.792538074799554959e+00,9.505219994676018525e-01,1.288468765269224159e+00,-1.906971085988664383e+00,-7.067862393948976418e+00,-2.261288097853365375e+00,-6.033528116931503149e+00,1.145069778486018791e-01,1.570650993277176166e+00,-3.521737148298657027e-01,-1.031392736884264805e+00,2.949968532268859800e+00,-1.567544308081194382e+00,-4.690712820456314214e-01,3.249005444247053287e+00,6.256642459270150169e+00,9.505471854955755973e-01,-3.243704642054799248e+00
-1.112174154642145085e+00,-2.739395791433259397e+00,6.836705451109192921e-01,3.813176715933334071e-01,1.070875741922625579e+00,-4.571562631170272617e+00,2.163711764677549443e+00,-1.283531754389035884e+00,2.908091501329934658e-01,6.381680736395323628e+00,-3.965608791625778284e+00,8.447413253815145850e-01,-3.745653043301278462e+00,1.322479577024740838e+00,2.865503087486097833e+00,-1.163208688829420412e+00,2.043393752986981227e+00,3.044194865637117164e+00,2.875325079955743934e+00,2.724299989264210353e+00,-1.040985919382005020e+00,-9.373189565197082018e-01,1.152430208288068636e+00,2.479613433558654823e+00,-3.568739387366275828e+00,1.075030448609932021e+00,-1.307794792533452100e+00,1.314979653322151165e+00,3.125028629251221268e+00,9.608460035365352647e-01,-2.441843219366091500e+00,-2.249285673071888425e+00,-1.676440059623120593e+00,-1.430546144778772621e+00,3.986068157933826850e+00,-3.883143845522444959e+00,-2.793225348114648732e+00,-2.544137633035195023e+00,2.069229836962366065e+00,7.811918838162876799e-01,-2.014294622324739326e+00,2.028212190826939043e+00,-4.540251469036006071e+00,5.598814581975528615e-01,1.245718865150186039e+00,-1.494501155391474434e+00,-2.611358480218065048e-01,-5.301649485375665272e+00,-9.766360311560414731e-01,-4.900485628886010581e+00
4.245896323757519575e+00,-3.239122033507781939e-01,-2.671888284703247241e+00,-3.077806539243558070e+00,2.231908356114027103e-01,-9.066821658803965178e-01,-9.415400660855655079e-01,-4.823672869314187039e+00,-2.386580936313263734e+00,5.405375394231755948e+00,-1.056523459128920983e+00,5.785960884356518008e-01,-3.829347232002345169e+00,2.107813985272678714e+00,3.935767407576043375e+00,3.397560763842238707e+00,-1.072479530015249871e+00,-2.993902166275225429e+00,4.645012341481178808e+00,-4.414995538875066683e-01,3.194504358770958063e+00,3.925007448706754887e-01,2.241467120522911305e+00,-2.867319126071677715e+00,-8.080209207106540115e-01,1.446941786412915043e+00,-4.250443008063688133e+00,2.671964007404377117e+00,-2.735080799808800478e+00,-1.988788445614894096e+00,6.017063400995047440e-01,-1.944909714837196102e+00,-5.775304783912177164e+00,-4.446262928544609139e+00,1.054069570875375783e+00,1.078664914887613596e-01,1.408446282731747212e+00,-1.241122544270508277e+00,-4.877681663851038962e+00,-2.645340808107353059e+00,-4.037361822342455220e+00,4.134194541912308729e+00,-9.233404547642015681e-02,6.632066077702505780e+00,-3.642122611925625364e+00,6.379464316289055859e+00,-4.019663702588826659e+00,2.572640821833473979e-01,-1.601860460181065537e+00,1.882808162993165668e+00
-3.908767569254159024e+00,-8.930179030756467407e-02,-2.026852404086346926e+00,-2.719752647550585656e-01,-2.779002022223808321e+00,-6.379962215444329177e-01,2.321944833363443372e+00,2.946153034266894011e+00,-2.339730887711749752e+00,4.175161590811232948e+00,2.086876810727398279e+00,3.011600321642625477e+00,-2.027897675686490542e-01,-1.441346971991188441e+00,7.650973210174188965e-01,6.111681675003673320e+00,-4.205007639332036362e+00,8.025059635940446912e-01,-2.938146274084572074e+00,2.192236450944755610e+00,-2.231654112793412637e+00,-2.033947025078474358e+00,-1.953608837581500390e+00,-5.181856748430875292e-01,1.459573792851966090e+00,8.094481758577385389e-01,-4.192897890786116966e-01,-1.517892887790561307e+00,-2.611912854522286054e+00,-6.454188672844763275e+00,6.376779869173436754e-01,2.233022337462805318e+00,4.401146489294543995e-01,2.060782720022307501e-01,-8.242708430472159842e-01,6.943151047498179462e-01,-2.039152758259450415e+00,-5.760879268276566378e+00,-5.671654011339936297e+00,-1.286758544246690894e+00,-1.536996003479146333e+00,6.395929247231957326e+00,-2.328068391904614565e+00,8.355943216133109308e-01,-2.360396099869483955e+00,-2.362146490699776447e+00,3.138122907017567575e-01,1.998804029104411795e+00,5.665018477803852592e-01,-4.749454695307631980e+00
-2.563633472964710780e+00,1.846196319901633132e+00,-3.007748120021865645e+00,-5.434486080480264159e-01,1.478265394950808886e+00,1.925719992079795162e+00,3.618441133206609983e+00,4.995874628403233153e+00,-5.465241437949456049e+00,2.441611840228077757e+00,2.753043065688669522e+00,5.428165800403832009e+00,-5.199136508052803585e+00,1.133943957574719663e+00,-7.352116470267513471e+00,2.661267791641011904e+00,3.556786975759286262e-01,-8.799894373210960241e-01,8.847356321366221799e-02,-3.410874741662581311e+00,5.981793399820539037e+00,2.611170697378015326e+00,-3.057956775379996550e+00,-1.525729742561320101e+00,-2.019451303626448091e+00,-5.744301048813315269e+00,-5.271531546129761381e+00,-5.311015339015614067e+00,-9.789921843768960574e-01,-1.187307797483770633e-01,-7.470801625589602590e-01,3.741145279315865602e-01,2.101881846463064640e+00,5.910051032243058167e+00,2.093717100575571255e+00,-5.547255926356262634e+00,1.005016464530610554e+00,1.865064582657272263e+00,9.611680904718838292e+00,6.363189425008821676e-01,1.793633964889950860e+00,3.454314442940201957e+00,-5.638503064879880622e-01,5.109683107442075656e-01,-2.318250387853235672e+00,-1.172261434721286300e+00,3.125480512470484751e+00,9.134893861088919653e-01,-7.999615253087358768e-01,4.773289208694692753e+00
-3.987144001562532125e+00,-6.340434839582188564e-01,-2.701989204282214008e+00,-7.186669043089445985e+00,1.151195624603650547e+00,3.801132617809911629e+00,-2.418778103386092670e+00,2.807808372992778523e+00,1.497791928069255096e+00,-3.079329500768554162e+00,-3.573626585276509005e+00,-3.730952411442584271e+00,-4.033289270180767438e+00,-2.298031610625503429e+00,2.935381824964589992e+00,-3.295192761186335861e+00,-1.042689837851826784e+00,9.554073037535368851e-01,7.383420235406787491e+00,1.510908512648937219e+00,1.100546399860894198e+00,2.095804696505901843e-01,-1.228797411316811639e+00,5.056652194139144019e-01,-5.391531582845844106e+00,-5.090503351578546720e+00,-4.142231523263778747e+00,-1.376061736135840929e+00,3.788586730939727421e+00,-2.736867784572313944e+00,-5.804921905332650622e-01,-4.842438386509121395e-01,4.395986590032604724e+00,3.967155212253512531e+00,-2.186583409641530640e+00,8.046633545042077840e-01,-1.918306789239332399e+00,2.285481853641503580e+00,2.888727920349445366e-01,-4.472077871887860101e-01,1.460470551146601847e+00,2.505832465614053817e+00,4.961690281478369435e+00,-3.154819286285472479e+00,1.657672408555180166e+00,1.545462320372568144e+00,-2.975432783531661851e+00,2.772335467363905348e+00,6.166785251765768194e+00,2.531146358975649324e+00
3.718530472486145211e+00,-8.048129085546161576e+00,-3.171199825952597529e+00,4.110187369618039988e+00,-1.511592868560564185e+00,1.676057628626469453e+00,-2.747295396605334172e+00,4.475470057861521411e+00,2.367495407727663093e+00,-1.205413290292453476e+00,-4.288035182690455027e-01,-2.001048689688836202e+00,-2.647705642309902352e+00,-5.187937473651305531e+00,-4.558296303593128429e-01,5.229874438116857149e-01,1.837912853486957543e+00,-1.777509365888134241e+00,-3.134695961672863351e+00,5.579941076560811730e+00,1.735429552178189283e+00,1.177358049047460220e+00,3.241986682475639925e-01,-5.416681743822894468e+00,-7.400834696498662657e-01,1.355316431135241695e-01,3.073586848444235020e+00,-3.090748509054663362e+00,-5.866071996102626557e-02,8.006546431999215230e-01,-5.558836674650895482e+00,4.211303612916385219e+00,1.084110350021370461e+00,-1.687118893888494231e+00,-2.277841916950969825e+00,-1.999717885022683772e+00,2.383038424912819586e+00,3.288916864975117149e-01,7.440616578314830643e-02,-3.728581879480002748e+00,-1.635745150398236980e+00,1.911202276294865054e+00,9.405380761233325115e-01,1.379118403591540032e+00,-1.425980834110781803e+00,7.717713067428133566e-02,-2.448173573923241086e+00,-4.041958575458383329e+00,5.519349701236508920e-01,6.060192307502664910e+00
2.871583105313941342e+00,1.510156980350041700e-01,2.622103776216007542e+00,3.511725985139019013e+00,-6.309160632911691380e+00,-1.911072941384252655e+00,-3.796661910000123097e-01,-1.026269082227364127e+00,2.539057811964123168e+00,-1.698575851858504349e+00,-5.650572683895167536e-01,9.869755692956413418e-01,-1.762404243091341138e+00,3.782308884415858330e+00,1.732308315227478301e+00,-3.208278724242899838e+00,-1.915265938504189025e+00,-9.301593237895617872e-01,6.412501193698280089e-01,8.847034240901938684e-01,3.591951882250041805e+00,-7.854837735601422066e-01,3.194144298527623604e+00,-2.811334009587162619e+00,2.322422515400817955e-01,-1.802193214784362452e+00,-1.003254697602685486e+00,1.997730794448674185e+00,7.192460828279767515e-01,6.176027304557184294e+00,-5.480486025149562401e+00,2.666637748034221822e+00,-1.664162351523263084e+00,1.091894073703814527e+00,3.564233404518098336e+00,1.551567154735769671e+00,-8.131506534851830059e-01,-1.775067563860992736e+00,9.548298482445943813e-01,5.508397213057381059e-01,2.798770732693965257e+00,5.603842162176882802e+00,-6.159305245167648879e-01,1.842392959171907041e+00,3.933189043697602472e+00,-4.887226839063955275e+00,-3.811824034392638616e+00,3.815716993571963922e+00,9.505510851653120596e-01,-2.889591577257223154e+00
-2.324730606275920763e+00,3.717561528480526900e-01,3.860521044407387858e-01,-4.584092364835154143e+00,2.682911279897469692e-01,4.239539991583674450e+00,-4.536369362269527909e-03,-1.988071801527593774e+00,4.850809997811579066e+00,-5.833965179833979775e-01,-1.645458755619482183e+00,-2.501507250532502891e+00,-7.013655050810834179e-01,4.200680583654223810e+00,-2.481985621490126803e+00,1.445717476503275867e+00,2.873608661598741509e+00,1.002658718686560535e+00,-2.973348406095282392e+00,-3.904473976204484664e+00,-2.168968128098758719e+00,7.224746774191061149e+00,-2.324673362285622158e+00,5.469860455108129793e-01,8.468642161382079758e-02,2.657934253221329701e+00,1.091760631238318346e+00,-6.290131105241916210e+00,2.055451099796067549e+00,4.503066629144185651e-01,1.612748654300525830e+00,1.424705075038598667e-01,-4.361374420770682270e-01,-1.016797818672734666e+00,8.030484545448136613e-01,-2.586872039910953713e+00,-3.124087960248997042e+00,1.226312290109336844e+00,-3.618934360084371082e+00,-6.821864642962183201e-01,1.387041860920110725e+00,-1.631581863573467350e+00,-8.563089743527164677e-01,3.391673998827795522e+00,-1.697599343552166573e+00,-4.242699871705143955e-01,-3.843279000434715043e-01,2.089182286597922378e+00,1.930591147119894657e+00,7.881416344476585012e-01
-4.234072927837416955e+00,2.248999616524368861e+00,-9.366634715693654689e-01,-4.513442095634356277e-01,-9.559338773036852865e-01,4.251697292541046780e-01,3.543816016128789936e+00,-1.650413932896225289e+00,-3.088787656239088353e+00,2.916924973592040504e-01,-1.420098301031876176e+00,6.367074373726013370e+00,-9.801806501372422042e-01,-1.409650131727645084e+00,4.633455750213822388e-01,9.140876245194239358e-01,-5.326783238022124722e-01,-3.370079746672057786e-01,3.698265577734520360e+00,4.557847617119293204e+00,3.516924511821581056e+00,1.890443080659937602e-01,1.090218793263392660e+00,1.936074728009276269e+00,3.368764251511256358e+00,-3.856613137870937846e-01,-2.467842029075851151e+00,-1.132102492911020830e+00,1.661813297815561308e+00,-1.432945924143776528e+00,-8.509664268253450459e+00,4.222915702019045092e+00,5.414998202930348725e+00,2.712963050836258549e+00,2.117277162564764836e+00,-1.270476175368772997e+00,3.647521939105864863e+00,4.481149090446064076e-02,1.785862838270142916e+00,-4.290570498941579380e+00,9.587479698627923153e-01,1.453846875003734329e+00,1.976724882181114973e+00,2.858037825904352847e+00,6.872442632615006097e+00,5.301776095510198905e-01,-1.701977332911651930e-01,5.280988604799675912e+00,-3.670302678323320134e+00,-2.248608742611823974e+00
-1.450425085552356774e-01,-2.578267753483618918e+00,-2.637149077094342875e+00,5.276315683231833198e+00,-4.867206055425255862e+00,-2.118040627917946228e+00,1.475067195686860400e+00,1.192752278082936934e+00,-4.408723433814740744e+00,4.689533569727344364e+00,-3.708902778835437619e+00,3.912473144713395079e-02,-3.785575932797365789e-02,-1.976911654674939678e+00,-2.352337140711555197e+00,-3.121222098283213953e-01,-2.557276223066667686e+00,1.720210782781145697e+00,-2.776844601856362504e-01,-3.648894226231405913e+00,-3.380716145022971464e+00,1.249307849842782758e+00,4.089986071850797877e+00,-3.774983001186646980e+00,-2.997793422543912456e+00,4.331056693527612467e+00,4.149087293324901005e+00,1.352594199691157240e+00,3.104622014757694171e+00,3.993306783479194877e+00,8.487064324070925370e-02,-1.547952014931890385e+00,-3.974502251884658666e+00,-3.602916032719546191e+00,3.038979036772482711e+00,1.027045795008014295e+00,1.281942305450374242e+00,2.648541896067361789e-01,-1.253058444238205560e+00,1.408613224373598261e+00,3.161860764556831960e+00,-2.981898831268417815e+00,-3.421116257154935170e+00,-1.015623342499041293e+00,4.766463786390057855e+00,2.644772631846280753e+00,6.848090342297444622e+00,-4.357545598496493255e+00,-3.295720450272383584e+00,3.683699492426907973e+00
-4.283753023644700342e+00,-3.399380703818343452e+00,7.903646095809149230e+00,1.223956533422998039e+00,2.616472233318596796e+00,-3.706596768676019948e+00,6.857957635849722955e+00,-3.083593702268400794e+00,3.775057320578804720e+00,-1.465204867256947319e+00,2.266615130396193223e+00,2.720609864531733368e-01,-4.300827557848461602e+00,8.065255430198803310e+00,-6.821424253263297377e-02,4.944179160276721774e+00,-1.687538316044375319e+00,-4.065443929428722014e-01,5.775542579589016540e-02,6.995424741209178843e-02,-4.156694796618791266e+00,-1.957533497451538596e+00,-1.558226126694505442e+00,-5.226488902383550794e+00,5.490695245522890788e-01,-5.595669634782743929e-01,4.503654762741137851e+00,3.970019340517514816e+00,1.133074322750610152e+00,-1.068732225174114037e+00,2.033405478148395229e+00,4.883234549556426884e+00,6.502264220411752227e+00,-3.502569861902915527e+00,7.751162164424214573e-01,2.378809638743722310e+00,2.255240128775583219e+00,-5.241954761753696346e+00,3.713840830843168739e+00,-2.256625886061737418e+00,-4.587738092440993842e-01,-4.943804128292776490e+00,1.358951448611232182e+00,2.540440894417536732e+00,-4.827755930228804226e-01,3.171607193519225376e+00,-5.864046095602161834e+00,-1.151246647236265075e-01,-1.712564358953315713e+00,-2.693376541302616722e+00
3.870561500922543863e-02,2.502395565980889192e+00,2.938301014221995633e+00,-2.353439608720203857e+00,1.671046157504766594e+00,-2.159313025185463086e-01,1.483005478417970924e+00,-6.674776364000876150e+00,6.803442314614038811e-01,2.862547064134967734e+00,1.227805788385421870e+00,7.311644017811588236e-01,-5.898564605718884302e+00,3.542999449236771681e-01,7.993426352939274615e-01,2.442586421780772454e+00,-9.954841265480309787e-01,9.121646406451193734e-01,-5.680013407158107874e+00,3.052401320290020426e+00,2.459270685591892658e+00,1.481698218051370919e+00,-2.575928631098610921e+00,2.139869260214708468e+00,5.152312221890863464e-01,2.690418777078414703e+00,-5.053470847190160598e+00,-2.875765625809832415e-01,2.261234628929940094e+00,3.451469536689588669e+00,7.067345867859436970e-01,1.723252139878818534e+00,1.624388161057310542e+00,2.361011611862757764e+00,-4.465789446461097434e+00,-2.396184303693212225e+00,3.605083860433761500e-01,2.355462000912055043e+00,-5.086786708429861470e+00,4.035476969644049561e-01,6.626879728546846149e-01,1.857903908596798104e+00,3.254658642285684689e+00,-5.964483525094729899e+00,-2.095118320713308169e+00,1.266234423718444635e+00,9.165150083685089655e-01,-1.265292453059184696e+00,5.671569107438240165e-01,-1.625936109155919906e-01
4.656351585297598739e+00,-5.715493438143790517e-01,-1.975561352824072581e-01,1.564848253524360189e+00,-1.253368814962680489e+00,2.308705836714834092e+00,-1.376264292026053160e-01,1.359858727747996765e+00,-3.662822418016712600e+00,-1.490095745540088945e+00,-3.441281190799931444e+00,1.371367299402670881e+00,-5.799734343084923083e+00,-1.280332333462744332e+00,2.683255065682522283e-02,-5.215691916736037825e+00,-2.510296516575025283e+00,7.194963485858831831e-01,-3.891476430222376326e+00,-4.735585074919541171e+00,3.066831790496030941e+00,-7.039880452900196595e+00,-2.108436651126184003e-01,-4.679096414143507410e+00,2.631132265060692532e+00,-4.455746465008249224e+00,2.386096953676841714e+00,-3.936455926620103796e+00,-7.941632339608235558e-01,5.917179131874678033e-01,6.617246755378316081e+00,8.175992697800918974e-01,-2.167377403138811276e-01,-1.020647544033943976e+00,-1.794798220457336724e+00,1.851027951813534189e+00,2.286435158691447533e+00,1.383196851852897868e+00,-1.370374260891532359e+00,3.125305981289522528e+00,-1.711972635932427211e+00,-2.702605228348848865e-01,-5.784483792466504681e+00,9.439184467165641079e-01,6.939161166803986980e+00,-2.392595439191158579e+00,2.437170806220650965e-01,-3.343013858063301758e+00,3.021611403255241690e+00,6.948478297440443541e-01
-2.739661737557889776e+00,3.965272999138734211e-01,2.765268489587523693e+00,6.013170645300542461e+00,2.940262004936518014e-01,-4.099571962806149994e-01,1.323132820807803478e+00,-5.755296505614571956e+00,1.380454825784318329e+00,5.581419005772992215e+00,1.766884835759778838e+00,4.484354659678769117e+00,-2.601771206244510637e+00,-3.002372496238119748e+00,3.428645961711849210e+00,4.269387814674510118e+00,-3.971179192595104546e+00,-1.198946065589471477e+00,-4.435310113459363102e+00,-4.256004541495014282e-01,-9.779402370159012703e-01,-3.068117784837157469e+00,-3.857787761602381682e+00,3.811894138901010365e+00,-1.339939105065512059e+00,-5.151034451393311508e-01,1.403916055307376176e+00,1.640475022370157854e+00,3.395182172945532706e+00,-2.407809651115895733e+00,1.680568801798150713e-01,-3.007654441074603557e+00,2.175437247622532544e-01,-2.029008140591600284e+00,-6.677606712195729877e+00,3.754905505345263794e+00,9.175770855107607815e+00,-4.853483121818682022e+00,-1.954887693253086978e+00,3.275129615301429542e+00,-1.688240498341052609e-01,-1.289171702044024093e+00,-2.811464379472480069e+00,6.683020872941188850e-01,2.712710033903988460e+00,-3.091770921853121412e-01,2.413275116837852730e-01,-2.870899033831556313e+00,-8.250421128532542392e-01,2.464336047559904319e+00
2.359109581362430319e+00,2.814009843993326987e-01,-2.771593634703312103e-01,-1.069477296054490489e+00,-1.575717476702172881e+00,3.748394620766841268e+00,-5.643164558981773604e-01,2.690634331093229026e+00,5.572397317263504402e-01,-6.466088472274467591e+00,-8.033194288813848560e-01,3.709528294816782257e+00,-1.064768416091617098e+00,-2.073123091623652492e+00,4.793394112904529436e+00,-1.450042417158647456e+00,-2.074630320183094678e+00,-1.253717264459561553e+00,1.709557235786066220e+00,-4.740352448168812516e-01,6.154487172774904202e+00,-3.103718128852853031e+00,1.316745529481994748e+00,-2.027362665949495324e-01,3.560283989193711474e+00,-4.036200601356179085e+00,1.374269559804951746e-01,1.044033568235393616e+00,-2.888022477114396747e+00,9.121405304596399422e-01,-2.154910412954004872e+00,-3.064144886412480506e+00,2.408497236399282482e+00,-9.160402515813240720e-01,-6.971322987426836759e-01,3.786717261672286838e+00,2.703266489089220515e-02,2.518325416544194284e-01,-1.423753158788808593e+00,-1.053802666050265291e+00,-4.906610343883381020e+00,-3.138472296326118460e+00,-3.146762139323036944e+00,-3.156414200827924343e+00,-2.851637876574078856e+00,-2.886498552356411285e+00,-5.076342331754578330e-02,3.720691735197567129e-01,-5.430303132909148900e-01,-1.809705260312448605e-01
1.212893776106235499e+00,-4.065196961424185851e+00,2.908261233837775794e+00,-8.329305420001118510e-01,-9.872295117345731841e-01,2.791095671562974001e+00,-2.974081711036231646e-01,-2.992986751298476022e+00,-2.027959724210657289e+00,7.194545074228783088e-01,-9.971168912952425023e-01,-6.763019547630266359e+00,-2.786213853628079828e+00,1.548032756275218080e+00,3.597679836189900726e+00,2.184808962955784750e+00,2.414193150193625126e+00,-3.745494669071939509e+00,5.644070475713191648e+00,-3.287785773498349551e-01,-2.733904457339558114e+00,-2.819155659644573930e+00,-3.946164131926415131e+00,-7.820355687209799012e-01,1.469941824542468023e+00,1.006829877062761947e+00,-6.674546395598270898e-01,-2.859871872761088341e+00,-3.573898963498235992e-01,1.272370605711201363e-01,4.505242208041242979e-01,-1.148370162549877005e+00,-1.627159897579676606e+00,-5.734009358900069575e-01,-9.310790605181364921e-01,-3.775527055293640966e-01,-1.272847306195131756e-01,7.777761630676212068e-01,6.923408558575504523e-01,-5.940550423829510374e-01,3.284079531931636708e+00,-1.946871607029506457e+00,2.475383007982865813e+00,2.452621201404142415e+00,1.678403508110464459e+00,-3.963568558784464901e+00,-5.476756769799568048e+00,3.585146372728788666e+00,1.417672326858474774e+00,3.051529877373920563e+00
7.419927502268583996e-01,2.570021638432894218e+00,1.119796796301264941e+00,-4.924667595054998515e+00,2.113035185691270801e+00,-6.610490326424951490e-01,-4.034991673097265696e-01,-6.024419292015139593e-01,1.169670840147292834e+00,2.106112737813949032e+00,-1.936964640642389712e+00,-3.135526407702965646e+00,5.449246548788146072e+00,-2.419154919779800128e+00,4.698841718582587035e+00,2.007408837941017765e+00,-2.049083732653022571e-01,6.256854699627457661e-01,4.262960959403820915e+00,2.387105767406033641e-02,1.917081212144782887e+00,1.361575553017931428e+00,1.325182953657039642e+00,-3.116870707839388133e-01,-2.267599598994749499e+00,3.208866626412232304e-01,-1.313932639900967425e+00,-5.635603047320871806e-01,-8.225185029062062614e-02,1.364877626061452576e+00,2.385216087757198622e+00,2.685236222856294042e+00,-5.298928078664157049e+00,2.025073560254591509e+00,-1.284070762655596054e+00,-2.434108937254342853e-01,1.570382331927611119e-01,-3.654846142142567089e-01,4.632931949034268526e-01,-3.496862300268733126e+00,1.410279745223992576e+00,-2.514137440539044310e-01,-5.304066646318288392e+00,-3.034029262695356000e+00,4.565308416856712626e+00,2.857099574163249223e+00,4.147401717054942094e-01,3.830728780609229833e+00,2.834521948883113929e+00,-6.101366570589991767e+00
-5.418892136701553675e+00,-2.627890021876143400e+00,-3.927289833097664662e+00,-3.340047677491873035e+00,-8.016777565854276588e+00,-7.526464791143252508e-01,1.878682238080848554e+00,-4.024845509600130100e+00,3.004596000557095969e+00,4.419688413404648131e+00,3.753741560636886465e+00,4.991236985668665582e-01,-8.853478002629901200e-02,-1.874385752475265177e+00,1.612244394416933568e+00,8.384135461077161011e+00,-1.985776625660195194e+00,-2.511717909988524511e+00,5.698049516012181570e+00,-1.341819415084238187e+00,-1.951550352478337524e+00,-4.297465088238034414e-01,4.718735569649656902e+00,-5.104137440383095026e+00,-3.910006114846840131e+00,3.359492698967667668e+00,6.193891035194609707e+00,7.300857830000537341e+00,-2.066612719716263147e+00,-2.925231927627181872e+00,6.060233231407883281e+00,-1.884432343798747356e+00,1.662149058662520273e+00,5.972195462350050610e-01,-1.076086955348344310e+00,3.598078472709128839e+00,7.621014897636203322e+00,-5.124656129005861871e+00,-2.821220810312392857e-02,-2.872021834306906385e+00,-1.996538982792289474e+00,-2.123249949793082347e+00,1.968746300745858990e+00,3.344917173937444144e+00,-4.060675970201539364e+00,-4.060422965012564056e+00,-1.868753667795994611e+00,-4.701034370601473888e+00,-9.207524580693582372e-01,-4.055513276431711667e+00
4.800938035773175017e+00,1.205928803502315017e+00,-2.413251492143914656e-01,5.708330607037418680e+00,4.219813244717752987e+00,2.804563578394823065e+00,-2.931293721638013938e+00,-3.334309998194482372e+00,8.669661041663762058e-01,-2.321230102806074586e-02,2.296086992275125027e+00,3.188137456582686102e+00,5.213989667154639740e+00,1.956345852370764971e-01,-1.508311602783475536e+00,-1.958251018428688317e+00,2.527282355547236570e+00,-5.232004747853107318e-01,-7.464682680566033790e-01,-9.814575502062609091e-01,2.631435771368432430e+00,-3.537070286619345527e+00,-1.823873741000850979e+00,-1.653886703835238947e+00,-2.889540779872042719e+00,-1.393964489713024557e+00,-1.775847428108335568e-01,6.267130995731692855e-02,2.812401006437695195e+00,-2.467755422712487601e+00,2.242911311940652297e+00,-4.248911844371953683e-01,-4.633370884491477826e-01,5.631754714203508483e-01,-1.546369153359202997e+00,3.599911669671090220e+00,-3.921763527168855124e+00,9.247256374646984911e-01,8.822333339339097913e-01,9.149639111644245482e-01,-7.969049863639945386e-01,1.377759460201470665e+00,3.622091130393017444e+00,1.002925128444008163e+00,3.710733455611685994e+00,-6.963253984296474686e-01,-1.065584653198117904e+00,-5.165588653576633327e+00,4.267285228428977284e+00,-6.678564027945984805e+00
-3.165033667356400127e+00,-2.317283879841365302e+00,-1.529016073165843537e+00,6.531791448616229623e+00,-3.337671937334041772e+00,7.382929307444214828e+00,-1.982404998121682027e+00,-2.547322367255195896e-01,-2.369772577594794871e+00,1.529112519454912889e+00,-5.914495300664957433e+00,9.163067832103553023e-01,-6.837526888345882847e-01,3.519997378313156400e+00,2.513783694533602286e+00,2.907944042172058818e+00,3.640163892664044276e+00,1.914123704389336877e+00,8.066226055954888174e-01,2.587814313242826625e+00,2.226908158390332293e+00,1.906471094632856467e+00,-3.743614594658110639e-01,8.718143964106152000e-01,-3.027430547567159458e+00,-7.046152942269895414e-01,1.825458565062973104e+00,2.356251903095230915e+00,-7.485644913199313244e+00,-1.270585692648492193e+00,-5.201159217478871888e+00,-2.217391492446759038e+00,-2.476876276460990400e+00,1.272251778528489918e+00,-1.795140567350803851e+00,-7.917199918642374712e-01,-1.437607263193725116e+00,-1.710664920951398660e+00,1.656460575516074618e+00,1.221167325035581230e+00,3.181345178389604733e+00,-1.929161217448468912e+00,4.214839895721940621e+00,2.470658332720001016e-01,8.359543524269520409e-01,-2.412907908871465779e+00,-1.259819928370945696e+00,-5.135745468666108593e+00,2.763108169560557048e+00,-5.901854241201118789e+00
1.185557666673561911e-01,-3.472155533227798241e+00,-9.042804974141827046e-02,5.962896210926252327e-02,-2.251904038121938179e+00,-3.465441362068290676e+00,3.540441354976822996e+00,-2.986642020565675626e+00,-6.307788941982185982e+00,3.691261888906197886e+00,-7.664728912010850825e-01,-7.206531359372252143e-02,5.281256165403845904e-01,-9.485019961487566320e-01,-6.784668438146032043e-01,9.674191498996087546e-01,4.211812683006854741e+00,-7.930011327105768171e-01,3.328134720680473446e-01,-3.082831826474891623e-01,1.258448224048338782e+00,6.791187600742830455e+00,8.216066387261035109e-01,1.820915480015341315e+00,-3.703689041291845507e-01,-7.634877401330688595e-01,5.929732242885096261e-01,-1.194675097542484687e+00,3.033064193932821784e+00,-1.761560918059615233e+00,-1.204793611157348732e+00,-7.241839122068146617e-01,1.004797243185784617e-01,-4.178597118587188852e+00,4.487765256098771083e+00,1.902444946933390169e+00,1.773216245931237278e+00,4.038912428941791255e+00,-2.558415560937699063e-01,1.272142529020922064e+00,2.747096841526976085e+00,2.133998130136164573e+00,7.311368738314920623e-01,1.053312338621833710e+00,-1.588108529543918124e+00,7.716763650389945051e-01,-1.075080877496307430e+00,-2.217560559431015488e+00,4.241353702139317505e+00,-1.016022912340253770e+00
1.641376265654901578e+00,3.119185695670610770e+00,2.617933647117317797e+00,-5.877979043090497679e-01,-7.527392689321616218e-03,3.485735633844285974e+00,1.348852636841646024e+00,-1.256880930579921563e+00,-3.672148213009013062e+00,4.749990488966191471e+00,-1.106204923731880951e+00,3.117968637496470130e+00,1.414045370586876293e+00,-2.480701640100137162e+00,8.859187534169922218e-01,5.288768133427764084e+00,-4.929691201045277360e+00,-5.776639050637949246e+00,3.404547930330240835e+00,1.458377434035757592e+00,-5.871094384854655068e+00,1.417891880825251638e+00,-6.400968980285093757e+00,4.131497992379127848e-01,3.015432696578638883e+00,3.818314455101652904e-01,1.040897088181863994e+00,-3.176068174834283830e+00,-5.395300659630287932e+00,8.299687864418969774e-01,-3.751716578751000064e+00,-2.333465730239747959e-01,1.393146586167390844e+00,-1.041527423461138468e+00,-5.606034803796137389e+00,-4.189854010128168049e+00,5.381183392455098691e+00,4.405880588969883327e+00,-3.098077121629864372e+00,1.923501589164098302e+00,7.679397166602568436e-01,-4.546949928172129840e-01,6.082556095072962909e-01,-3.562272861565035087e-01,-9.656143057240952343e-01,-7.269475764611048163e+00,3.376261439415168208e+00,-3.615776401064070722e+00,1.060584253624132112e+00,-3.874503405391448663e+00
2.254879970575033976e+00,1.274230504102433548e+00,5.049775660339251182e+00,4.025544576447371431e-02,5.045487043433298346e+00,5.190404706029847048e+00,8.220760611802351292e+00,3.333553912260899033e+00,2.208393281158899324e+00,9.194495865820593306e-01,-8.525521290631721261e-01,2.103618989137132189e+00,-5.640516567250854152e+00,-2.964226809581048894e+00,4.966183650739220745e+00,2.497468829101373800e+00,4.720660252008882729e+00,-1.194387641034819314e+00,2.485224909914862668e+00,1.127868709717646301e+00,-4.116394378945387178e-01,-2.506545239838710692e+00,1.335204918529384832e+00,2.699484888260212490e+00,4.403055386959297657e+00,-5.230155906594891047e-01,-2.560721239883320344e+00,2.434146580414759953e+00,-1.036885364782195174e+00,-4.248704630199361176e+00,-2.069701349251354738e+00,-3.441035449768023113e+00,8.744305015421555138e-01,1.463120468610949743e-01,3.049252523729649056e+00,-1.445790048447464837e+00,2.251138676854459175e-01,6.674645426565770645e-01,3.317518401831713426e+00,-2.603402305842440256e+00,-1.843821301649454458e+00,-1.080995190269698064e-01,-3.435589520884321679e+00,2.037869355687587092e+00,6.454251684638184550e+00,5.059710177950752730e+00,4.190774195666081781e+00,2.939279847508610377e+00,-1.854027059807385802e+00,1.441414707193938050e+00
-4.459163071944064471e-01,-2.103960348341437914e-01,-1.121766500420329216e+00,-2.973293415670868356e+00,2.088048484112350334e+00,2.402907150213682286e+00,1.706287680264110262e+00,-1.130804874530023207e+00,-1.377269683413899548e+00,1.421542448675049419e+00,-5.269795900462708182e-01,-2.853320871750733456e+00,-1.664008781796207481e+00,2.866775304763749421e+00,1.411600282108370630e-01,-5.521888064773360583e+00,-6.083291329029375305e+00,2.693616093345402973e+00,5.337714620794320908e+00,3.229946623185452559e+00,-8.949583383696034788e-01,2.022707553390848401e-01,-1.783396052811288213e+00,1.208819196892962688e+00,1.409146935886708585e+00,6.681955614913542840e-01,6.894163743826864366e-02,2.520467156538694908e+00,-6.164658741198984160e+00,-6.599067022091528179e-01,2.372318225808195180e+00,5.474404694381510006e-02,1.970933069932712778e+00,-1.803525433875726725e+00,2.235614236183370185e+00,3.132026439612904056e+00,-4.659034125428703099e+00,-1.804726525796630954e+00,6.568340987960626265e+00,3.736185617255812108e+00,-3.401883693863784419e+00,-5.027014315497682517e+00,-9.693860346744614942e-01,2.459685541219535754e+00,-4.755511749331567950e-01,6.865605136263705499e-02,-3.158734989033617602e+00,5.484933836051748557e+00,-1.955691028592809966e+00,1.340167535796516818e+00
1.749511437794834867e+00,1.824114215879689471e+00,3.322729981287526613e+00,-7.944773364613639810e-01,-8.330466144812282536e+00,-8.173970994432979698e-01,-2.431852332485951340e+00,-3.198483152463923229e+00,-2.876947199738985605e-01,-3.510528904269877959e+00,1.233324642391515624e+00,4.757643570197410021e+00,4.667090454372583075e+00,3.895883235879932016e+00,-2.972477788779968599e-01,-7.983155333864776493e-01,2.815677801201365682e+00,-7.037417021965434172e-01,-4.784294882391153969e+00,4.441709593060393146e+00,2.352489849295453350e+00,2.122766488310682487e+00,2.643603812637798089e+00,-2.977624564481553104e+00,1.405914316463890978e+00,-6.222533511821550789e-01,-3.539911565138397220e-01,2.478073264428596600e-01,-1.029532942243722937e+00,1.091086266651162484e+00,-3.922650733681396495e+00,-3.485223061558622604e+00,-2.766019716383089078e-01,1.252590458979849775e+00,-1.219473971209420693e+00,1.117481107720650568e+00,1.999181387693696133e+00,-1.078691008766601733e+00,-2.857835418388158022e+00,2.170155896411561702e+00,-1.707913388487626305e+00,2.384276795122153292e+00,-1.354036843580518568e+00,2.758743724022745702e+00,-2.799987010799909193e+00,-7.834010390139780178e+00,-2.211196754298449196e+00,1.009301984968470345e-01,1.905068988054332557e+00,-3.424916217323723089e+00
3.278829833614131939e+00,-3.988445271989723429e-01,1.484799122748844624e+00,-1.494395927043058458e+00,-2.441917692621220937e+00,-1.596573646338454111e+00,-1.813322425609173116e+00,3.407687945107575000e+00,-3.246920059465775221e+00,6.965890534247294319e+00,2.050781987092101577e+00,3.794395400477220126e-01,1.284189885340191406e+00,-2.274469412565530035e+00,-2.495917476591686113e-01,-2.279354411103632128e+00,4.943232410500560725e+00,-2.130175748275900283e+00,2.686698947900951762e+00,-1.312001532514375679e+00,-2.223501666076685979e+00,5.491532408320831671e+00,-9.838827046756937200e-01,2.537543353898740417e+00,6.557320582746816173e-01,-8.109754790322665219e-01,-3.369691097220707032e+00,3.033478991371093780e+00,2.829217568003400185e+00,-4.351093918687208628e+00,3.866816101376358894e+00,1.292881508166774829e+00,4.350036815293166548e+00,5.984198191380764698e+00,-2.815025230638749765e+00,-1.424126994848733674e-01,-7.275236138086758064e-01,8.994157205773201103e-01,-2.289514357930728661e+00,-1.736480642171873479e+00,2.088492030360151741e+00,-2.267009660404232907e+00,-1.509096888880190557e+00,8.177615483113340744e+00,5.707138063588278881e-02,5.489002197984239606e-01,-2.728133348649779411e+00,5.134417909085627896e-01,1.016310743384585935e+00,-3.301229994273793822e-01
-2.073360575462874333e+00,2.334489721217380964e-01,3.302221553785352759e-01,7.990446653338709737e-01,2.807886644929128428e-01,-7.037317864946901480e+00,5.874335187341104270e-01,3.568749432443728331e+00,-1.473638410095712281e+00,1.978502490629950206e+00,4.606243370690861205e+00,4.469288876402276678e+00,-3.021654326695491832e+00,1.213862795196400723e+00,-3.618395367432252652e+00,6.637486757431825257e-01,-3.147763428272259745e+00,-2.857650931970877828e+00,5.689783218445430002e-01,-5.169082360773192830e-01,-3.070066974262251946e+00,-6.007380484367815576e+00,-4.956664954288148017e+00,-3.789743339743708805e+00,-8.696150659267148919e-01,3.627532350756732971e+00,-7.097447232705429432e-01,-3.196928894728695347e+00,2.900983389956481862e+00,3.611330891285886135e+00,-4.311849701670794843e+00,2.867408796021435613e+00,-1.692186334913181378e+00,5.630939256271704885e+00,-1.200626424277251969e+00,-3.471022783938785050e+00,-1.314849935789366819e+00,7.566167667421279663e-01,-3.752765336651148198e-01,-5.415808566290289505e+00,-8.696345822517715929e-01,-9.745052694787119663e-01,-2.414956027456418575e+00,4.928728115866318760e+00,3.351440452578014623e-02,5.480282353293198794e-01,2.426128518663249523e+00,-3.280223350516261682e+00,3.835846265848707581e+00,1.050153657440748844e+00
1.051682032293411506e+00,-5.133318786792576027e+00,1.294028696803356526e+00,3.547094927777340700e+00,-1.949977543871225794e-01,2.837945315361078524e+00,3.557734686835995586e+00,1.664766040060608576e+00,-3.381715894222681928e+00,-6.915506052073268073e+00,-1.557250916853613498e+00,1.602100588853298646e+00,-2.627957710038266281e+00,-2.962182001554122923e+00,4.728560679822396473e+00,5.398491159444590570e-01,-1.176772697537270318e+00,1.123433315811903421e+00,7.879091308617115486e-01,3.893818701645168634e+00,1.049976403690126153e-01,1.403733382070735169e+00,1.607911693417648946e+00,7.391369528119108578e-02,-2.986111468759655718e+00,3.843075526804060615e+00,2.941101200016701167e+00,4.875522618549344323e+00,8.747418200852729031e-01,1.830791760853385242e+00,-8.327819748733132244e+00,6.289884419254431203e-01,7.218679555858904806e-02,6.408047084466275578e+00,3.528799716383416385e+00,2.715179572608342529e+00,3.419062456181372056e+00,4.844142587243572606e+00,-4.233000053274543539e+00,-5.808159126880823919e+00,-1.835233167200923887e+00,3.547188979987655255e+00,-3.950974381975491667e+00,-2.833174628265812345e+00,4.578280036610526516e+00,4.194361206167726230e+00,-3.019812175609456695e+00,9.397538103730075643e-02,5.080303102881758570e-02,2.514983045637581682e+00
-6.061355971154967825e+00,-3.494225753695038073e+00,4.448527355197499311e+00,-3.160460372035446053e+00,2.452370800095336367e+00,-2.085935960060497085e-01,-1.968641885891872390e+00,-4.091043416390948373e+00,-1.451026562459112546e+00,2.960652445956157397e+00,-7.598280999727431428e-01,1.100805393248442954e+00,1.611562640042943029e+00,-4.057771170041865050e-01,2.133079841387959696e+00,-3.736839603152227740e-01,7.417197382667117811e-01,2.958653936954529939e+00,3.181510985530480617e+00,-6.191570706346864128e+00,-5.079419869666499388e+00,7.492235998973083788e+00,-2.028554746761683791e+00,3.661375820464967124e+00,-3.198302559247690802e+00,4.793885432765229382e+00,-2.254113864550444823e+00,4.068788368804883149e-01,-1.594938133078247722e+00,-2.328571712644947223e+00,4.551702437671955259e+00,1.709446684846509523e-01,3.895838914469687886e+00,-1.929428029834185043e+00,4.151483869629646328e+00,2.855766246008218712e+00,1.637567225310153085e-01,-1.173630299765288765e+00,-2.617875180650188760e+00,-7.653040539981490475e-01,-2.888565713236690868e+00,5.539388721947911876e+00,-5.512456797356229954e-01,2.033258966543728952e-01,1.033464232894174550e+00,1.347290067959387772e+00,-5.055497276618625691e+00,2.472829343694517679e+00,-2.324473283278967628e+00,-2.140639810976998833e-03
-3.726003450306274889e+00,-1.251639403385806704e+00,-3.330356434476830607e+00,1.238073191960937791e+00,-1.405114109794701083e+00,-2.003801824525165198e+00,-1.276576370992711373e+00,-4.600148872655386967e+00,6.034600450293269303e-01,-2.247782629949601318e+00,2.451813377067073307e-01,-6.917939742819159576e+00,8.788121001589217773e-02,-1.731620187710996683e+00,1.699691862617519256e+00,-4.762720114612517541e+00,-3.257291579802343851e+00,3.920777499204029404e+00,-3.418715183547027525e+00,-4.531291424384856548e+00,-1.664121309138530735e+00,-1.311520380684464193e+00,3.458147134864978156e+00,5.088509871049039290e+00,-1.661125632578318578e+00,-1.453168926687459450e+00,-6.763368278358989016e+00,2.302192937464320632e+00,4.112619632009532289e+00,-2.717045728816997574e+00,-2.781902070633754498e+00,1.109904992942717161e+00,-3.885337292927326658e+00,-1.859259911336859306e+00,-3.703948090246586222e+00,2.532032146480370560e+00,-4.643386250684071181e-01,4.203157249599948742e+00,8.169374168819406590e-01,8.757276196958634351e-01,1.358134616880172674e+00,-3.459234496526376379e+00,-5.629013298924914199e-01,-1.141542669078154271e+00,-1.228872197010208556e+00,2.569017430001343527e+00,-6.727099853484302949e-01,5.604204939086733006e+00,-2.506447310996932076e-01,1.391432118992236067e+00
-2.419142941896569865e-01,9.613789892374521306e-01,-4.598443031164484829e+00,-2.759793888038797327e+00,-1.954941979611304781e+00,-1.519647869838657517e+00,-2.430798573039045340e+00,1.534108756261126194e+00,-1.021107089777138155e+00,4.746189379263257457e+00,1.843349985947744907e+00,-3.825129161109311227e+00,3.713703914445722898e+00,-8.410429659763165589e+00,-4.201360859905229339e-01,1.939141431060435350e+00,8.813153782705401840e-01,3.948613907831508563e-01,-1.755221969910439883e+00,-3.698115066080997160e+00,1.860894613541183684e+00,-1.241579323303822369e+00,-7.923960317457650060e-01,-3.619474171447742972e-01,-3.450162012660144661e+00,1.171543842115573275e+00,-1.256995109654400089e+00,-3.036848977319322795e+00,-3.308064282050326099e+00,2.349473330680591499e+00,-1.267662077003763654e+00,6.375620087066615760e+00,-8.599119435060047500e-01,-2.087465630752131318e+00,-3.443429263687230790e+00,-1.780369949407173691e-01,-5.063521625675427629e+00,4.951750756799325082e+00,3.842878001965686630e-01,7.486883684845683895e+00,-9.456667536158305798e-02,-1.230904413367974293e+00,4.279045639378859511e-01,1.753592104915137340e-01,-2.344915987068198551e-02,3.822555213987021139e-01,-1.625661782736776528e+00,4.323855257151725695e+00,4.518414166845669655e+00,2.808109336622940932e-01
2.271814441641134552e-01,2.543685201536491025e+00,-8.394129572170304643e-01,-7.918387774210607688e+00,1.374148367666001791e+00,3.219942832902540797e+00,6.449048560123418206e-01,-1.264447056504920841e+00,-5.105449971136464704e+00,2.074426152416190661e+00,2.928367197586797754e+00,2.553713744073485836e-01,1.570741163754660441e+00,2.019909885477758404e+00,2.028104586200736303e+00,2.432272327877288642e+00,2.099578050299097942e+00,7.560784704278717072e+00,-2.587898718383658370e+00,-3.546700053364798322e+00,1.262965905697320368e+00,-4.743050105566655739e-01,1.134777468537720324e+00,-2.689315774624617128e-01,8.715866039113016051e-01,2.816824145617925268e+00,9.670913814776611606e-01,-7.769367499160378943e-01,4.288406629527844238e+00,-2.415684171851979034e+00,-2.474648065872414815e+00,2.208625502171584376e+00,9.968465313798925698e-02,2.714383725121467528e+00,4.499028119315140462e-01,1.456680719922423650e+00,1.402483555366071277e+00,-4.213094591750061180e-01,6.052035845154315474e-01,-4.481978435486054124e+00,1.703817839737485240e+00,-1.428506344786717230e+00,9.236776908395770702e-01,-4.373512979002975420e+00,5.206331210823762490e+00,6.405879001221901348e+00,-4.492197784898483981e+00,4.203845608371039155e+00,-9.465203705344934493e-01,1.931774069676739591e+00
2.748748475341215691e+00,-1.740911599554886835e-02,-9.750427821259201044e-01,4.641441614047236541e+00,2.432491649376193443e+00,-5.783895294398886389e-01,-2.337710648774866229e+00,1.360131267439488756e+00,-3.904337478865605338e+00,-9.137950595014833199e-01,-3.056874491013826578e+00,1.363564733089422498e+00,-1.457081095583209751e-01,3.976999102519348739e+00,-8.248863563154438694e+00,1.664627032480095359e+00,-3.457201773364612651e-01,2.103010173575047825e-01,2.662663013658377320e+00,1.150218253077440744e+00,3.252396782996298974e+00,-6.249154148703384148e-01,6.613390614967226133e-01,1.024941912366635455e+00,-4.614410474954223074e-01,1.500879716147025755e+00,5.877200265712780869e-01,-1.570503515610016443e+00,1.103519802520036786e+00,4.618534840224850058e+00,-6.461290723085204135e+00,3.615437257591286979e+00,-1.554210308291018805e+00,3.099349164735602624e+00,-1.747141795376817575e+00,2.704144448199144790e+00,1.195027563534343251e+00,-1.941930031308679139e+00,-1.954276889474821699e+00,-3.187684470414089422e+00,4.655258886050429867e-02,-3.327726595605259297e-01,5.152150762566033215e+00,2.601561517422398051e+00,3.216972983386729545e+00,-4.421580965391009310e-01,2.245741187915542003e+00,2.714810891433942164e+00,-1.438818696291484178e+00,-9.924845640312419670e-01
1.581058571332448204e-01,3.457691601944569149e-01,3.462467780225009784e-01,4.608824666590125574e+00,-3.710839306694049267e+00,-2.399559811085310468e+00,-5.628453447531283516e+00,2.523116980238149232e+00,2.257358725589451165e-01,1.724864730550608627e+00,4.807323739375569005e+00,3.704754142011619233e+00,-2.280042294580365836e-01,4.087132043817759630e+00,1.249080551480691303e+00,3.321603181185239784e+00,-2.312338859730309171e+00,-9.265501034625570620e-01,7.467816092404064854e-01,-3.707190753443903919e+00,-1.646915405075419558e+00,3.552641949842197389e-01,-2.959767607379521492e-01,-9.524240854069809803e-02,1.744509343565466386e+00,-3.214500546183006069e+00,-4.259264264120483090e-01,3.954727055493717724e+00,-1.847841634846533854e+00,-3.803410553908025182e+00,-1.909117231931924286e+00,-1.788793706498823965e+00,3.583346312241340925e+00,6.975258503226262619e+00,1.315119166186270450e-01,2.860205357438202256e+00,4.111185010562065756e+00,-9.848007002494314488e-01,2.854947953961487705e+00,4.481936365220732799e-01,1.925264494832020779e+00,3.025794788402438873e-01,4.423245310130007546e+00,-1.171720134114744294e+00,-3.056436691835752173e-01,-1.875878658774648322e+00,2.759906289882965602e+00,-1.494786474690235734e+00,1.598195499828439115e+00,1.854372631274034067e+00
3.589260722335337217e+00,-1.545596186479351042e+00,-3.679707995554267197e-01,-3.409973269928580741e+00,-2.943655267971242440e-01,-3.336550363772449401e+00,-2.119766309792053605e+00,-2.644917222525679179e+00,2.393227995404929143e+00,-5.002823403315643347e+00,-1.803285995167382305e+00,5.600985577186182063e+00,-4.032882001062717769e+00,2.159996927948259759e-01,8.010573928975907032e-01,7.806051976681791515e-01,3.327181642118814064e+00,7.895149263674142714e-01,-2.751220073535775690e+00,1.131648438963645198e+00,-1.926861397276336652e+00,-1.410484237911278971e+00,-2.758085154969861730e+00,-2.006338117860438253e+00,-1.470280749124335040e+00,-8.572782488459841366e-01,3.632777727762742437e+00,2.538747135334269878e+00,2.921559910413418670e+00,-1.142160869828932279e+00,3.317761589779885778e+00,-6.976821484857015143e+00,4.020150995625308421e-01,-3.304311924941222500e+00,5.977695317374443817e+00,9.238749791992261207e-01,2.275232905443524967e+00,1.401131298408132553e+00,1.670714284695033358e+00,4.121910253634878174e+00,-2.281419189934761782e+00,1.052081534368770388e+00,3.008463426137747199e+00,-1.662013547812000391e+00,-8.094407118164829384e+00,1.932733630424123827e+00,-1.538137231886548550e-01,4.581014439854870446e+00,-4.874875902604194344e-01,-8.622700014457949091e-01
3.687552816983992177e-01,-3.501789385295608903e-02,-3.231608376533861904e+00,2.774085489621510803e+00,3.158330689419753590e+00,2.414258524781956738e-01,-4.419969376960528606e+00,-5.297552289928306735e+00,3.193859804440465133e+00,-3.145908498307793955e-01,1.174742369427525723e+01,2.625280818095437230e+00,3.772560837324311911e-01,1.167659955861886978e+00,-4.685279528108810682e-02,-1.045537906863949873e+00,-5.643304891444568261e-01,-6.037941399764166217e-01,1.269110382091470868e+00,1.782034443703548243e+00,2.032997260019348662e+00,-2.633293756563446220e+00,-7.221150202814816677e-01,3.438762922977088632e+00,-1.077008036673073876e+00,4.449254785346091090e+00,-1.854456134782117016e-01,-4.031481925660809651e+00,4.493526996708429588e-01,-8.372183345421624345e-01,-2.978060463245923106e+00,-9.626928344221823142e-02,5.206443089919190470e-01,6.233666062845034439e+00,-6.960690821344622803e-01,-2.221928516656235697e+00,4.005279427889066213e+00,-2.139414375346788688e+00,5.737702359959520493e+00,2.221798386567684691e+00,1.627730613806382953e+00,3.506136344374234604e+00,1.323826879182703697e+00,-1.985228190165539086e+00,2.415572523797757221e+00,-2.360899945938518485e+00,-2.887279716874195490e+00,5.262685462216976084e+00,-3.562850424399359284e+00,-1.230951808920596413e+00
-1.922713733341702591e+00,-5.954015469730991938e+00,2.212049179670638466e-01,3.026388588358974285e+00,-2.843028704706848764e+00,2.998669519583546439e+00,-1.851543225109809176e+00,-5.334578732776710019e+00,-5.439320431715490844e-01,3.749630765539608418e-02,7.871192204571980655e-02,4.114206178193117402e+00,-5.946131220288102259e-01,2.034197216242908279e+00,7.078788236465629602e-01,3.940687263325689749e+00,3.591856096819100674e+00,9.315097508853480424e-01,1.147515619879303506e+00,-5.075048896060043724e+00,3.485190212289622558e+00,-3.176457218341762090e+00,-2.423000573618571796e+00,2.199874984969521829e+00,2.324659047540015955e+00,-2.856529568513457296e+00,-2.481456736366799198e+00,3.722567526229939028e-01,2.514483037367474250e+00,9.105106912865988944e-01,3.289379626646589116e+00,1.736081390133603630e-01,4.745579270133938543e+00,1.173621088333232976e+00,2.376839840914756863e+00,-1.386318183859353292e-01,2.760099189628786309e+00,1.037421818554610797e-01,9.225132030016941487e-02,6.266133510794080763e-01,-4.461630004797423332e-01,-1.285181793261551964e-01,3.282949980032259796e-01,-6.593128543942272657e-01,3.101390323806469951e+00,4.733728237133752792e+00,1.413085622084758075e+00,1.660140159351537692e+00,4.471559020805924156e+00,2.525465257987805634e-01
4.940403070033707045e-01,-1.125266465564564777e+00,1.736274321960360689e+00,-2.770338184040837870e+00,6.843801500266910587e-01,1.506615724599664086e+00,-1.538175954429859438e+00,7.278897100337199610e+00,9.319888540395363519e-01,1.969606778915552914e+00,-5.273844382195965741e-01,-5.395760847404278415e+00,1.111487988819070405e-01,9.241714177111843842e-01,8.938904386456357765e-01,-4.550287144326406796e+00,-1.412174776744031357e+00,-3.733979187911022901e+00,2.927066248501962509e+00,3.476747868368303962e-01,-2.585250605903844701e+00,1.291635765116484202e-01,-4.619873131973768032e+00,2.319683776696910726e+00,4.099643402333649433e+00,-1.620564576399418311e+00,3.732482376087507436e+00,2.813791968388422937e+00,1.674593740759707128e+00,-1.180068412560264957e+00,1.004640502553781234e+00,-1.740027351762543084e+00,1.126766492202678771e+00,6.159881100050818681e+00,2.028155736927754305e+00,1.726636719384881724e+00,-1.755564870153730306e+00,1.199082704710769054e+00,2.688812115715646822e+00,-2.099530542438447500e-01,-3.648288679229841236e+00,1.815665964867280158e+00,-1.790880930219056921e+00,-7.865473442644766999e-01,-4.220395409729781888e-01,-4.606483215213630800e+00,-3.983343612912224607e+00,-1.286251401128956307e+00,-2.173451920281013194e+00,3.316518890277329046e+00
3.863448247804563973e+00,1.559575679071535603e+00,-2.012775964128111994e+00,-2.002854995207808297e+00,4.440409219501142424e+00,-2.570922884944673581e-01,1.531889107747081535e+00,-1.162760064652996972e+00,5.990104496033543668e+00,-5.099014761634341752e+00,-4.077825949570919484e+00,3.623767192331457387e+00,-2.287056855485932960e+00,7.754995612849364672e-01,1.365200354702506003e+00,-4.206776286410748078e+00,-6.000425587479042200e+00,4.331504468801710139e+00,-9.312176770990465702e-01,-3.807651694065603554e-01,3.591972001403185288e+00,4.347597868572835367e+00,-1.526795727821276927e+00,-3.576423170943221930e+00,-5.507758196555243124e+00,-3.842706580311165077e+00,-1.439896197686917345e+00,4.000293376140269253e+00,6.344866138218124618e+00,-1.475227053740977956e+00,6.170750412449344663e-02,-4.959026867516183046e+00,1.803031540936148591e+00,2.489069368060649268e+00,3.992430498209920131e+00,-3.940331633823515034e+00,-1.745029989589479191e+00,-3.252348334583687883e+00,-1.775754407623335585e+00,3.504578976568663240e+00,-3.185138955676041217e+00,-2.138253174896464603e+00,-1.482937593415845301e+00,-2.367701680194468583e+00,8.601816014818244316e-01,2.806610604132370401e+00,-5.053917493249624471e-01,3.570073067915958909e+00,-1.746413427517509831e+00,-1.176496160556963932e+00
-2.708190844489425153e+00,-1.478187039860317853e+00,-4.002307776745475998e+00,7.174615740495181582e-01,-3.330291362358671403e+00,-7.243395112244179757e-01,-1.888169169987188534e+00,8.173541925456918600e-01,9.010076965832326812e-02,-1.734016300667587718e+00,3.408300126084891524e+00,4.271580538701268637e+00,8.422388762023830244e-01,-4.583184536585949154e+00,4.909172272730436548e-01,1.489274980901701184e+00,-2.265149990400141977e+00,-2.445377408385490003e+00,-4.686939794944577353e-01,-9.972797638129776709e-01,-3.559149501692327799e+00,-5.718621706394672044e-01,2.003779446011259235e+00,2.426138944724220092e+00,5.142550934493415937e+00,5.944849551163784440e+00,-1.753960638606829603e+00,2.722163870338595970e+00,-1.771568173577459104e+00,4.266610753903988806e-01,3.254453678392716376e-01,-2.246018315886326722e+00,-5.432721824238695874e+00,-2.394312283872131353e+00,-1.799066683865120808e+00,-5.539569964190862450e-01,4.094068688559198144e+00,1.271198768816987679e+00,2.181385778195507885e-01,-7.440292107359319784e-01,2.587274531268616951e+00,1.416935645868733884e+00,-7.246060783012004958e-01,4.646001229036811786e+00,7.094721763643888623e-01,3.899231221514410706e+00,3.313413228668092625e+00,1.362534005187093111e+00,2.335001978009871415e+00,-1.324431946915666902e+00
-3.453669358041241200e+00,1.060299162490549563e+00,7.956485311367824664e-01,1.020665675036054321e+00,3.928754548955450510e+00,-4.841124371674411009e+00,-2.606188572402043935e+00,-1.140673944163458797e+00,1.176019266882556841e-01,-1.422270425161478613e+00,1.524193719706319061e-01,-2.595248207846892807e+00,-3.355179915452096040e+00,5.411038512259302991e+00,3.615698040631905030e+00,-1.643347189330318203e+00,6.829668091148175524e-01,-4.532923928597649699e+00,-4.763303594356092852e+00,2.818659909469695801e+00,2.655952154727239556e+00,-3.698924627665566844e-01,1.816203615159486917e+00,1.103191171408151483e+00,2.806629291808246940e+00,1.865380515674778472e+00,-2.551169909110795775e+00,-7.525513779981023443e-01,-1.302162754163388447e+00,-1.595319399732671117e+00,-1.988684750284982483e+00,2.737016663299714381e+00,2.574937561914734108e+00,3.076140238363174628e+00,-2.553995431852761566e+00,-2.879206095789855979e+00,-2.954105445139079134e+00,-7.980636128879015079e-01,-6.072288458116003262e+00,-2.189343062657040651e-01,1.325794446228839574e+00,-1.162499823693501577e+00,2.416341828973210593e+00,-3.184776354462195869e+00,-1.065378507687577692e+00,4.169266461450727990e-01,-4.824551260613822556e+00,-4.030440533548850790e-01,2.739883208945991022e+00,5.472617321297049031e+00
-5.888666801530945127e-01,-2.017109863366228772e+00,-1.350028781657895749e+00,-2.970324366302500962e+00,7.142941762952566276e-02,-1.952238926883223424e+00,-1.064744303049551144e+00,2.773423801910023023e+00,-7.969222738182641930e-01,-3.538957888041003308e-01,-4.198487195751364531e+00,4.000661886931240474e+00,-2.803300504357320921e+00,-3.692195854499709551e+00,-3.493594268448783957e+00,-3.171639759031386507e+00,1.368273166532703700e+00,5.497449540082551600e+00,-9.462393131286308545e-01,-1.201840826421064712e+00,-6.802359839119317408e-01,-2.220960734050959395e+00,4.995176110951929545e-03,4.892842957471869703e+00,-9.344112056904222641e+00,7.687854454935304505e-01,-1.344237127976564694e-01,8.664473782706387794e-01,-1.377623834126486368e+00,1.857428389750050091e+00,1.086015171256052403e+00,4.503667428915252291e-01,-3.739320549361087487e+00,2.002161013580116666e+00,-1.762706112369091693e+00,-1.602977465393637724e+00,-8.109772817064675454e-01,1.984077791266998458e+00,4.184119068124039664e+00,-3.159121666240233939e+00,1.270225932234741562e+00,4.584900446622969028e+00,4.044133041771583059e+00,-2.070111331248191799e+00,1.446106221640362177e+00,8.817249493482484102e-01,7.281967532480948524e-01,-6.273357303765209281e+00,-5.219797394096467258e+00,3.834313150054343144e-01
-1.710049399673776893e+00,-1.511760418378983895e+00,1.065439219693067985e+00,2.410384684499455865e+00,2.193054156397936882e+00,-1.921178426879834422e+00,5.536402231138586316e+00,-1.686770554905625996e+00,1.152260956342795239e+00,9.548255106057849106e-01,-5.714891437355808235e-02,-1.753368985017117909e+00,-9.109667452021598111e-01,4.708027567098099775e-01,-1.724740632916798244e+00,4.262634124035619365e+00,2.841623104907946562e+00,-1.519753495648157759e+00,8.870347887779594931e-01,2.875507948893931687e+00,-4.211473159663904897e-01,2.898320933636281627e+00,-2.588952435545799791e+00,8.272997876159318142e-01,1.342828328673758786e+00,4.912904012368159989e+00,1.267340007072129238e+00,-3.576293157567789205e-02,7.048323305926453841e+00,-4.196313051506549208e+00,-8.497640814756698413e-01,-2.708920455887194212e+00,2.534063977614704033e+00,1.274326488634281773e+00,4.237725037457747979e-01,-1.696753632007480528e+00,-1.671591971742854010e+00,-3.815763902978512423e+00,5.717678475356249734e+00,-9.674453379723266799e-01,2.925476105551307882e+00,7.150521958109632426e-01,-3.803985305726171884e+00,1.935245170776626944e+00,5.007880202891025867e+00,-2.338469835444642708e+00,3.928336762487565359e+00,-1.509001196112870424e+00,-2.524982777528687272e+00,-2.485298744898181006e-02
-5.647389804583470507e+00,2.731918098250992077e+00,4.478510594454125027e+00,2.955706850169346644e+00,-1.757560058694098704e+00,3.017583487860835412e+00,-6.551769359152838090e-01,1.512070149384194151e+00,1.350332699293244954e+00,-1.829454678603368745e+00,-2.651638103599000207e+00,1.640208771841397128e-01,4.499097656636315001e+00,-6.500507594186517579e+00,-7.357376006526969991e-01,-2.975243736003138739e+00,-1.890068285405795967e+00,-5.978446924180591537e-01,1.227800789938614939e-02,-1.348626657654513394e+00,1.154103690418043948e+00,-4.313216846802284898e+00,2.679904518963450721e-01,1.804557292071357955e+00,5.211433746479574580e+00,2.341354721261964311e+00,-9.818263647945095762e-01,-1.882228012269577177e-03,1.960757446580852825e+00,2.978657677313830465e+00,-2.365494454258265655e-01,-4.501102522967965314e+00,4.019899887427574314e-01,-2.814814609489239672e+00,2.368076800895216327e-01,-1.029076799196605219e+00,4.918919691947553297e+00,1.774182493158804386e+00,-4.902972729233250782e+00,-5.322329770044740727e+00,-1.940092086003354810e+00,-2.105107842630326243e+00,-1.358643097263931176e+00,1.577355099797506099e+00,-9.165106735154497919e-01,1.743214006634894897e+00,-1.856564654074337184e-02,1.653016031803760333e+00,-3.964149008719920486e-01,-4.751122456904020019e+00
-3.761365163566814940e-01,-2.538404423777632091e-01,-2.734458806539134645e+00,-6.244432686126129894e+00,-3.707790666801114909e+00,-2.491819774409584465e+00,-1.889588968927585544e+00,-1.356795444113557680e+00,2.413103870987121535e+00,2.163387486608715715e+00,1.096645673384000208e+00,3.027914791575224474e+00,4.031282377902412506e+00,-4.763415412416629913e+00,2.694750910060525584e+00,4.765043466836815095e-02,5.674649320178647649e+00,-9.319293964685743115e-01,-3.318360718538803322e+00,1.903252272022802893e+00,2.029601985811869902e+00,5.591712270866227019e-01,-1.176622355113240113e-02,3.435236915194951113e+00,5.151522285065269102e+00,-6.551875157178642661e-01,-2.765698382048447979e+00,-1.065025458689507154e+00,-5.400212168795955670e+00,2.967344567091322993e+00,-3.770796386106983200e-01,-1.164718556293286467e+00,1.514691716128832022e-01,-1.178315610118815693e+00,-8.340551251555227141e-01,-6.210106557271525274e-01,-1.353576441578584033e+00,-3.926217694233889999e-01,2.248933471753123137e-01,-5.268868882989086622e+00,4.377737101510181361e+00,5.979077246673112356e-01,2.049281241775306128e+00,1.171695779046422858e+00,-3.574852327943782271e+00,3.519833447000498161e+00,-8.640820936319597578e-01,4.398237283337437908e+00,-2.882191281719189035e+00,-1.979535233021716412e+00
-3.229572520969207439e+00,-1.912177148494890400e+00,3.609208566686450403e+00,-2.805941276531742190e+00,-2.780082179943740961e+00,-2.283280920850632167e+00,-4.861154334055563936e-02,7.680464031899365551e-01,1.413978292272239479e+00,-4.476080405119840511e-01,-6.334214406911584661e+00,-1.003080683090738612e+00,-1.112213188554125320e+00,-1.410273556651261195e+00,3.709097403466294018e+00,-2.041510477728994744e+00,-1.390945705149545297e+00,-7.515362646436629213e+00,1.741007547436783931e-01,-4.353345459305787632e-03,-3.553636724351302290e-01,3.819094669575680001e+00,1.019893491863168578e+00,-4.321477234656387445e+00,9.610576820912132945e+00,-8.503984107240677437e-01,-3.409206048208199835e+00,-4.906461627398286396e+00,-3.262704791048850694e+00,-1.964980622376263364e-01,6.994793789886392110e-01,-2.365369129694455952e-01,6.698481043120456668e-01,-2.814900429508767843e+00,-2.245816657181021192e+00,-1.736952275377294796e+00,-4.167795705553108299e+00,-1.025221404065886022e+00,-8.671086527503248931e-01,5.625524271532559295e-01,1.949534639015811921e+00,-1.155203154404748522e+00,-1.355331173336392636e+00,1.418384141139062526e+00,2.616113428884364378e+00,-4.875381063887440192e+00,2.762794731920386937e+00,1.126906002657556138e+00,2.721986229025131543e+00,-9.984063466677203236e-01
-6.976523751737560453e+00,3.132806569785125284e+00,3.416426733412944117e+00,7.270033430256127582e-01,1.055442419320256731e+00,3.799026822109738522e+00,-3.503337049898716860e+00,-2.134001024055354634e+00,2.104203011383664723e+00,-3.987672873818419172e-01,2.155923557504895616e+00,-2.888007592790099998e-01,-5.647137791923692030e-01,-1.490267375125722715e+00,-3.041702823473326212e-01,2.398649121686876384e+00,-2.543400068189682006e+00,1.769028462335252128e+00,-1.001041332574599124e-01,2.066395956562393499e-01,-1.244812902161058332e+00,-4.072313153654919304e+00,-1.355229805275995902e+00,-3.300238145123292277e+00,-1.645244939077040280e+00,-2.523585106609564477e+00,-2.955785628901802298e+00,5.125139681896683008e+00,-2.234612185722010036e+00,-4.960924173340505838e+00,5.234869213864501880e+00,-5.735944030455097931e+00,-4.381297086634889371e-01,-1.203433651560738671e+00,2.521209672063842167e+00,1.734446814012055693e+00,2.881531453786712937e+00,6.859074706473065053e-01,2.949621943118140077e+00,2.836543550177143658e+00,2.535582588015198868e-01,-2.460232224143227953e+00,7.691205743383822124e-01,-2.134166259019075085e+00,-1.986323009710376564e+00,-5.471970773425351098e+00,1.278607263441234876e-01,-1.757924132975780429e+00,1.204987879549449969e+00,4.169978320164795527e+00
5.336175446945957690e-01,-2.845765034811317928e+00,-3.226205112459423763e+00,-1.080191651860963109e+00,3.374728662120880962e+00,-1.197888128023391952e+00,-1.365530539525813047e+00,-2.613883722574862567e+00,3.479026688848017468e+00,-3.595691829241853821e+00,3.994616230790390965e+00,-1.767575585655018489e-01,-1.051038505625378483e-01,3.013504445223033734e+00,-8.933566538283034264e-01,-2.306288710397932373e+00,-2.691630467318483433e+00,7.828787832888770559e-01,9.705804573785533407e+00,5.464806351169202436e+00,-1.801965664657561250e+00,-2.634649010302626326e+00,3.449177851876429890e-01,6.885730104537218565e+00,1.318890950974663134e+00,2.406108563132604017e-01,-6.454513219473850816e-01,2.711368698898366514e+00,2.310143944077707623e+00,1.995697959287158429e+00,6.771984703312943221e-01,1.956097970465158653e+00,1.951991105657850500e+00,2.225499161158903672e+00,-5.086397002416640944e+00,-1.351702811612572219e+00,-4.548703469895003515e+00,1.405385860628905581e+00,9.765787408255871549e-01,8.683757075345763798e-01,-2.286051630337278873e+00,-3.963392838687571085e-01,-5.455433483106089110e-01,-4.650371502610790020e-01,-3.190613007995596551e+00,8.525972233722386440e-01,4.233690379580859364e+00,1.277045688361245768e+00,-1.280199251165746510e+00,1.127172181912221127e+00
-2.663660475461215871e-01,-1.319682842016266233e-01,1.955239837615166953e+00,1.178371303842305373e+00,-1.704302593694609014e+00,3.167651060292143939e+00,-2.596938315500592509e+00,-2.041948003763029984e+00,4.570502231292739914e+00,-1.628237440612979814e+00,-1.195774728561547345e-01,-2.037568323537525039e+00,-5.825429972983615201e+00,1.649709688560158094e+00,-2.512784697575893844e-01,1.125991339827625559e+00,-8.908278651748292587e-01,-6.091018076553199379e+00,-5.463451140452666444e+00,-4.330640046948846411e+00,-2.536064943005731820e+00,5.664755703833956879e+00,-3.959363082399045997e+00,-6.214673846498407483e-01,6.069892969247259629e+00,4.923453338896831788e+00,2.647226362462890559e-01,1.727999511191161242e+00,1.214442608259219902e+00,-1.649032561991573331e+00,-1.492407645048812403e+00,-3.662404706622372164e+00,-2.416585669896997413e+00,1.226902437110519051e+00,4.966410898286189868e-01,-4.874534946578704897e+00,-7.679164335159779364e-01,-3.593097816371983111e+00,-4.263639013270730693e+00,-2.062189690557242550e+00,-1.736431691750183415e+00,-6.028918496679382955e+00,-2.318067960663742877e+00,1.802410533114811697e+00,-5.517049010720259439e+00,1.760999618007288436e+00,-8.514563129781780315e-01,-5.936243993055609458e+00,-7.821527178418063997e-01,2.918587228614069051e+00
8.446892184563843387e+00,2.566221003705579040e+00,-1.866007755056484640e+00,-3.162468685880071906e+00,8.683276020508591542e-02,-1.972229946669843859e+00,2.320261536005544745e+00,-2.930209831631132911e+00,2.136182590126622649e-01,7.619823461634795514e+00,5.337668145255260121e+00,-4.015919384904781175e+00,-3.611207349872045835e+00,-4.067254964420476959e+00,-3.194564786288882186e+00,-1.835049658234474190e+00,2.368601762814806388e+00,2.850964118465612943e-02,-1.895085277809313906e+00,3.016191431585296456e+00,-2.527896601510181807e+00,-4.987211077330071518e+00,-4.069379631024560573e-01,-2.658435084736821441e+00,3.688342644397983872e+00,2.564598951333568966e+00,2.739078967518039587e+00,-2.541182450046541419e+00,-7.886176894560050776e-01,1.096933059157473167e+01,-8.174028281432115239e-01,1.061037276144415564e+00,1.996015601651633276e+00,4.492421286438307959e+00,-1.236118914072082076e+00,-3.072953169653737771e+00,-3.451392807285389885e+00,-1.345812590100222916e+00,4.083201941055371265e+00,-4.074207593203789557e+00,-2.373270132478524364e+00,-5.176203239009720569e+00,6.313664749017978695e-01,3.108466290791923381e+00,-2.956259593388846696e+00,-4.698419851148715409e+00,-2.722902730287264816e+00,-8.986605040613220297e-01,6.403420230246144318e-02,-1.419622508773938918e+00
-2.735048570911767563e+00,3.144518433502648258e-01,3.888351471757675704e+00,7.112031153400543815e+00,9.897184107948076015e-01,-1.029043164584954262e+00,8.222782372727023281e-01,2.811523502396299223e-01,9.720368573714330829e-01,-1.121948033246836784e+00,-3.601161427476912813e+00,-3.440029514753919049e+00,-2.338070081507861442e+00,-2.817947456410623275e+00,5.479080023384026443e-01,1.066611243455605346e-01,-1.671743283864833396e+00,-1.820075603660358921e+00,2.147373469068277529e+00,-2.740390476928147745e+00,-2.277566702704723944e+00,-3.271880697924689940e+00,2.570046401324435070e+00,4.682615210118730165e-01,-4.575843538713733949e+00,1.806955480352497423e+00,-2.044450325714507244e+00,-4.353564539624148466e-01,4.471158858208621467e-01,-4.317929351384028891e+00,-1.073248184727409349e+00,-7.264777975847925839e-01,1.328548471079076476e+00,-5.661470204622581770e-01,-7.890938466767502213e+00,-3.546255583814821311e-01,1.882081390506639584e+00,-6.475193635066649189e-02,2.503366026219436602e+00,-1.292664561425775016e+00,6.731729968296185973e+00,-2.162806253394546768e-02,-4.515898831602242480e-01,-5.898412982660772297e-01,4.145441221525465458e-01,3.145318501955496338e-01,-8.069730487262670948e+00,4.537716344704780802e+00,-2.062617374747234500e+00,-3.003576541151703250e+00
4.923137897591442491e-01,-2.097018921921864010e+00,4.243102111919823116e+00,-5.830712428258760127e+00,2.191719624673248656e+00,-4.448474877182761467e-01,-1.186921280846723104e+00,-6.478768052882696971e+00,-1.858349345203864633e-01,-5.477738024846220632e+00,-2.987537606614076302e-01,-2.508622028941999704e-01,-1.719828809258814761e+00,-2.492353130999743538e+00,1.284953269441340140e-01,3.313283781514438253e+00,-6.431010777576425808e-01,-5.483096462860953535e-02,1.565588583749824902e+00,-4.247669089909352103e+00,-3.735285003516875868e+00,6.081712940510582754e+00,-2.500005766819891839e+00,1.441970471865555270e+00,5.222628978973598013e-01,4.114310553906833867e+00,-3.735501664203634054e+00,-4.779692814809812784e-01,3.478902793835073393e+00,-1.013170627412865565e+00,2.054590756333253498e+00,-1.077535893131805311e+00,-2.023150953799401019e+00,1.595243283524732991e+00,5.917569597466194153e+00,-4.487843465684518973e-01,6.952329804022613913e-02,3.910149201437240762e+00,-2.221749867680796520e+00,-4.486175441763182725e+00,3.639607924387865401e-01,-7.730396671802130908e-03,-1.254678034233489337e+00,-1.397157259048852129e+00,-2.361852933629319029e+00,-8.202470659765067396e+00,3.989006837040753428e+00,2.965133147610025666e-01,-2.638160442642677239e+00,5.530849095083109290e+00
2.860030486862625843e+00,-4.597067062169357676e+00,2.804631329405031792e+00,-1.370658249856206767e+00,-1.160161342186385225e+00,2.277942459848756762e+00,-2.334956955150592872e+00,5.668045260803773466e+00,3.701211070914647849e-01,-4.688489038743096082e-01,1.942097757498664201e-01,-9.797714510453489067e-01,-1.645731409116135691e+00,2.372926703838828200e+00,8.641954974483101459e-01,2.905698711400265033e+00,1.082698014614093207e+00,-4.366180575459709168e+00,1.298768822556087832e+00,-2.025983307535984324e+00,-8.579994177271148548e-01,-2.771311929311411681e+00,2.157015564282367848e+00,6.798659463914488832e+00,5.459601317909277718e+00,2.819954894595906314e+00,4.542323212319184123e+00,-4.063350945020323124e+00,-2.189460412535841005e+00,-5.603915146213353182e+00,3.171492343926168189e+00,-3.607335903403267707e+00,1.064960919037595710e+00,3.562820095306460821e+00,-6.600540424689366859e+00,-5.314166937984349026e+00,-1.477720183612212912e+00,1.554699933708233672e+00,3.083780704917510551e+00,-3.705096758729195527e-01,6.618921292525078215e+00,1.565654720516333365e+00,1.021024663532881238e+00,4.603802501196206265e+00,5.372960458905088110e+00,6.477927289848599557e+00,-2.605956215427038369e+00,-2.647350033642323908e+00,-5.301006299590668824e+00,4.497256713139505813e+00
-7.410232507597432239e+00,5.951442646381665397e-02,-7.700404991502542151e-02,3.347581922908504648e+00,-3.500286293932024950e+00,5.209921574020613733e+00,3.634860256910245724e+00,-3.616900142182416733e+00,5.027796017643113125e+00,-2.477848134907761554e-02,2.206528585925028985e+00,-4.036370062782329571e-01,-2.468002350181825566e+00,-2.799564993030039250e+00,3.448107147605357081e+00,2.301455724663680424e+00,1.873178484110795683e+00,1.550804903318698802e+00,-9.580067368961688867e-01,-6.740904892121070413e-02,2.772062536976748204e-01,2.155354974298687054e+00,-4.235244723118789523e+00,4.674257581722207622e-01,-4.234755556161830525e-01,2.012006257833877765e+00,2.634600918187611107e+00,-3.080063556677039127e+00,-1.776143128792980974e+00,3.576769923622821867e+00,1.886258291333786641e-01,9.863821699287483868e-01,-1.093559928277050952e+00,1.904155437691242847e+00,-8.087712833775662080e-02,6.174762490499612344e-01,4.063060259308979738e+00,-4.227032409996650308e+00,2.922707595061615482e+00,-5.310475311265897558e-01,-1.269902982187906204e+00,1.011871377518699600e+00,1.585947652343247194e+00,3.866877144367049546e+00,2.864746842911430669e+00,-4.193877121301428978e+00,-3.198542291610489308e+00,-4.411642952969171638e+00,-1.676036386320862270e+00,-2.064103431410919676e+00
-2.193708952857685190e+00,2.472028339125441343e-01,-3.413413836659339395e+00,9.699502201532497758e-03,3.350034054209485301e+00,-1.750374207690021056e+00,-1.379254705679453741e+00,1.076504989964825576e+00,3.111505391212134430e+00,1.406988797111736300e+00,-2.832240707942612623e+00,3.613166543751854531e-01,-2.530910034694522359e+00,4.918085392322953275e+00,1.184512223019817512e+00,-1.759440068783409972e-01,7.851586282526720195e-01,-9.981626340904606876e-01,-4.060883273377359437e+00,-8.503022291333358629e-01,3.880309762676893204e+00,-3.296391039076745910e-01,-2.936171827425670955e-01,-2.134138661592295705e+00,5.044852506381180213e+00,-1.342896228217714372e+00,-1.243079810061099799e+00,1.649672777093015963e+00,2.921909013676422529e+00,1.522869516856833805e+00,-2.887566157362422725e+00,-3.335782352892031621e+00,5.736623375601834773e+00,4.998412996967458444e-01,2.505964087001414153e+00,-1.080204598551073092e+00,5.486066942248768896e+00,-6.716724068665201608e-02,-6.507988220336531349e-01,-9.887868696718982164e-01,2.349778627034004863e+00,2.885095096334838516e+00,2.634215873770183958e+00,-2.604423968489501529e-01,5.818201294365031195e+00,3.308301987402145095e+00,9.029373154680246649e-02,1.836160719698594734e+00,-1.924349051216171780e-01,2.109585254843543645e+00
-5.827875324234751409e-01,-4.553115572679005574e+00,-2.496681947714992633e-01,-1.376709982352346984e+00,-2.327960697978002924e-01,2.492169556707289679e+00,-8.913329966546470473e-01,-3.130636583506160586e-01,5.031106936930898055e-01,-5.833811736656692837e+00,1.484616689926654853e+00,-3.641854713880016803e+00,3.820681399512062981e+00,3.505526365518618626e+00,4.320101246289228314e+00,-1.716269276269012822e+00,-1.800916184826632849e+00,-2.996470083812269536e+00,1.735512363834332827e+00,-1.554366011062240094e-01,-3.806464082136885363e+00,-1.495895153443602466e+00,3.245809675221845492e+00,-3.228637256811085710e+00,2.138140391769961790e-01,-2.898281985330081412e+00,-5.038037655558759154e-01,1.485344561894306858e+00,2.727181535539699553e+00,2.262841109090033775e+00,-5.850512490864657744e-01,-1.801705578497142746e+00,2.259168144831008362e+00,2.971383674627388061e+00,-1.750157672744810267e+00,1.847938813737372232e+00,1.967624932958325079e+00,-1.446928279024150221e+00,3.200313349247317696e+00,-2.328260233538925306e+00,-1.865098191167515074e+00,1.140515719305356113e+00,4.762513776587954162e+00,4.242341622729325579e+00,-3.660616761131486818e+00,3.480242082160017181e-01,-1.464353264416226486e+00,-2.566434267437936789e+00,3.822279583953147042e-01,1.070726568914398102e+00
-1.464660870522399128e+00,-3.964763391108759194e+00,2.000312456978264652e+00,-4.045382093665526924e+00,-2.300456084445227756e+00,-1.165690094886036310e-01,1.258715329193424992e+00,-1.265458677997812531e+00,8.481846604427234482e+00,1.128388964446366272e+00,-4.464451119730119544e+00,2.749038994267631431e+00,1.061944806185167511e+00,5.759199066784835175e+00,5.933374748306785573e-01,-2.225472529359448781e-01,-1.836457490588500052e+00,1.477101223683192410e+00,3.065898957482044995e+00,2.031318328464523926e-01,-1.727120109592317432e+00,-2.002518054212731435e+00,-1.221758561420744460e+00,-3.402787781464505112e+00,-8.041409493277084097e-01,3.545238004272136534e-01,-3.739532042756974928e+00,-5.174862665136782169e+00,-6.321868519671625108e-01,2.548928885985962678e-01,-2.226050569465362061e-01,-3.582110543722583085e+00,-1.995983042087568160e+00,-1.082550868345776740e+00,-2.975106147888750385e+00,1.678907169546334011e+00,-4.023088400604047266e+00,3.270891572635258981e+00,8.432703063077783279e-01,-4.069311605736054993e+00,-5.109379428658264999e+00,1.707518770771931260e+00,6.937176632517424224e+00,-7.044535196834036839e+00,2.729255801273955395e+00,8.174192187326012604e-01,2.744136071596783744e+00,-5.841350550270875353e+00,7.149498478729290341e-01,4.627010217390439273e+00
-2.236633704205619910e+00,4.031509381862441899e+00,-6.556592408045116560e-01,7.013796494580312846e+00,-1.318200839637592159e+00,2.656112083356155562e+00,1.036506832161000258e+00,4.048952176028650207e+00,1.772614672862305785e+00,-1.819046244009840940e+00,1.178565714982594305e-02,2.665756982669690522e+00,-7.959824459940988639e+00,2.511240649420721116e+00,-5.237562931611663863e+00,9.997972416220877179e-01,1.778914333039824713e+00,8.723308353532309711e-01,-1.644545009034989125e+00,-1.528952566846703442e+00,-2.729530751428467461e+00,2.501181306142896688e+00,-1.090799810596737446e-01,-2.238166051003164014e+00,-8.108902553210377562e-01,-3.676077947567449655e+00,3.910613308342101302e+00,2.801835205411864926e+00,1.077775893298021925e+00,6.089821299328755266e+00,-2.851307475653378720e+00,-2.674358996233797692e-01,2.064108107174817963e+00,-5.693182679060464935e+00,5.861913926893798532e+00,-1.825892547444954328e+00,-2.905673682511461298e+00,-2.965029016945365914e+00,-6.350524707635724075e-01,-1.389176819389462469e+00,-7.966052518792219317e-01,6.747679111467542734e-01,4.072844326702734996e+00,-7.974053171492617720e-02,-5.123373239721257244e-01,1.002730148717262182e+00,1.870762792800123808e+00,-6.613531599751656387e-01,4.590055690430077107e+00,-4.159643385321331266e+00
-1.347139748228818767e+00,-3.675324777057490611e+00,-3.809634310049647143e-01,5.327872504840085455e+00,2.025075139210485986e+00,3.852574161865577995e+00,-4.909710943097215008e+00,3.768423956447252809e+00,-9.014965952048028086e+00,1.897100209592512132e-01,4.525472666601348060e+00,2.349582346783170017e+00,-1.200532822176643810e+00,-2.460062748094983487e+00,4.448756827124709545e+00,-2.036112149813887218e+00,1.854469425401257532e-01,-5.772622037267934880e-01,3.717160971744001952e+00,-2.572246671199871049e+00,2.195712995036207094e+00,2.512588393629647587e+00,-2.054459010461943791e+00,5.762074091174240742e-01,4.881918089223148627e+00,-2.627895028696098922e-01,-3.041727588759161049e-01,1.970495307350209169e+00,1.426101362548233720e+00,-4.398825894764265776e+00,-8.963468440303674623e-01,1.424421682783240550e+00,-7.089550582955488345e-01,-3.966293928536231750e+00,1.844703827336526825e+00,-8.231437261057347854e+00,-4.775819238487557072e+00,-1.715789262008948546e+00,-2.516619799199127261e+00,-3.083904366306430833e-01,-2.547274759760975726e+00,-3.518246136089124843e+00,1.887326029860106058e-01,-4.019269290428573171e+00,-4.774078842829594826e+00,-2.539738403589805849e+00,-1.557131520001579172e+00,3.447220394498262230e+00,-3.419443552189224800e+00,-1.965330124106459353e+00
-2.339848065745421923e+00,-3.839874790776350189e+00,-2.500740348038778649e+00,2.466165255016584901e+00,3.406985198764520106e+00,-5.203915552675752565e+00,1.952127874470614532e+00,1.550604133119771522e+00,-1.520482809595774309e+00,3.293079536856257761e+00,8.820312103700953532e-01,6.594186393841277471e+00,-1.045251030588560726e+00,-8.482497221471469118e+00,2.030011280170311405e+00,-8.702948263744071156e+00,3.459597547697431663e-01,-6.164673746538297250e-01,-9.111078664339913313e-01,6.773428850408222957e-01,7.059533820120226899e+00,1.152370550914043834e+00,2.965815735926820018e+00,1.948340508977553620e+00,-3.667532863779268570e+00,1.915129159821672866e+00,2.085829051286264058e+00,-2.024426937056884590e+00,-1.509866819819447592e+00,-1.157143303098286147e+01,-2.910647190423599984e+00,1.326832520466064702e+00,3.978728939676522192e+00,4.373910257349068686e+00,-2.133232616704297868e+00,3.816180173519225782e+00,-1.274082905798163301e+00,-6.323610253749546217e+00,-4.388129303637885670e+00,-5.955333234672429699e-01,-3.271987471696117256e-01,3.352189408250052960e+00,-3.027541657764099448e+00,-2.361485036708631746e+00,-2.928797607545174930e+00,-1.632467480876728327e+00,-2.570246332800722122e+00,3.260040307953567584e+00,2.001507654287511873e+00,-2.858265605484732741e-01
-3.075510825366017942e-01,1.620949654757288583e+00,-4.595353333788216865e+00,-3.079735349818364387e+00,5.554067298425359844e+00,1.843118982541458228e+00,-3.052815373513631858e+00,-1.048846938441129861e+00,3.783422464291794074e-01,-3.510353475322528727e+00,2.131702720169450060e+00,4.707164036738741841e-01,4.042589863594709954e+00,-1.155227849984767630e-01,-2.550693497043539537e+00,2.362693669370086180e+00,-7.786502644543345397e+00,-2.834221285947174707e+00,2.958099040784865963e+00,-8.065586587695399601e+00,-2.302792026929413982e+00,-9.149127093659950027e-01,3.997024454924533732e+00,9.725923718915225891e-01,2.129479093670916701e+00,1.886792275554420639e+00,1.876312620597640146e+00,2.818320759543856635e+00,-1.094239304482264918e+00,1.687563083088446048e+00,2.436309386909186081e+00,2.078597881675928960e+00,-1.889400586635870127e-01,5.748455289011850766e+00,-3.313252561804608920e+00,1.170367812786040351e-01,-7.888210986125857582e-01,2.011121530866392781e+00,-3.001892519720836372e+00,-3.997153714694701598e+00,-2.790445961193857460e+00,-1.207986693156741786e+00,6.211560568111798020e-01,-1.391496767957152603e+00,-1.409910206437821056e+00,1.325856899765516461e+00,4.076572573201372229e+00,2.432513194146754376e+00,2.743739029606583557e+00,-1.837270798644407899e+00
-9.691427707448895257e-01,2.898001592352848377e+00,-2.902789793398254048e+00,-4.193670333679839324e+00,-3.938090709695158509e+00,-1.084430091991337886e+00,2.060442487451249680e-02,-5.909827083899384798e-02,2.019741239332954574e+00,-1.511090326592259059e+00,-2.637769888112804217e+00,3.329054606371309455e-01,3.108925809473949364e+00,-1.280841221968113564e+00,2.305337503093737084e+00,-1.135656838507165034e+00,2.820918602182942436e-01,2.111617471959077008e+00,4.861126959460343455e-01,2.478679234591358860e+00,3.346565000331253592e-01,-9.519036177717071778e-01,-1.891146952255223779e+00,-3.177882824463599487e+00,-3.233142762267799064e+00,2.298751919038952707e+00,2.005257759377359950e+00,-3.422533128239846345e+00,-4.230100017906195831e+00,-4.131092436471786589e-01,-1.481639534167938033e+00,-2.927525806651783302e+00,-4.858700424468104906e+00,5.596757633568766321e-01,1.431740546428956096e+00,2.485916995841388477e+00,3.199110470363381253e+00,8.895045525795012287e-01,-2.914173976754633077e+00,1.483854750431848002e+00,4.608151525657918079e-01,-2.660026410817731612e+00,1.290239160232755644e+00,-1.977125481549618868e+00,8.242419393303902497e-01,-2.215180663552775542e+00,-3.139703602485742207e-01,-7.774023583765246048e-01,-3.094188051255544636e+00,-1.808785517561959821e+00
3.566418319386002733e-01,-4.686089965576742955e+00,1.743494258625611248e+00,1.602735794402058378e+00,4.494762590780326583e+00,6.478609093557943233e-01,5.161988673700479424e-01,4.475074657482745799e+00,-1.968709349274270215e+00,-7.301660983494541846e+00,-5.529480084077428165e-02,9.296054440490756493e-03,-1.570815392675179778e+00,-4.480372056676170445e+00,-2.466765949926080559e+00,1.597111761880947167e+00,2.859128790690836919e+00,-4.463393922969434158e+00,2.767094679198427443e+00,-2.137847554957989615e+00,-2.411026886840646810e+00,-2.135562656600108744e-01,2.075354759616170330e+00,2.627449212008640345e+00,-2.325721371433078222e+00,3.748992763033520248e+00,-3.012428836525189002e+00,3.938549261269820079e+00,-2.033175881477647717e+00,2.437476342740786173e+00,-1.467679869776743251e+00,2.692130297758123625e+00,-3.579958755600697096e+00,-4.436476246434926551e+00,1.474315765306301929e+00,1.918956661072312553e+00,4.630840650818971227e+00,-2.019965019949467866e+00,2.005241745185312396e+00,-5.197504001062643653e+00,2.132362257180444587e+00,-2.324995174165251921e+00,2.050614360326287411e+00,-5.617490403421236955e-01,-8.097458543316744528e-01,1.696491344103396859e+00,-2.421694923581213743e+00,-1.736407182027461804e-01,1.421920205416742577e+00,1.674664870377124526e+00
4.441474548886639617e+00,-1.956529346910937051e+00,5.168038642426854956e+00,-3.502344215710721631e+00,5.068628447605655118e+00,-1.398559153386753184e+00,-6.196275467266684878e+00,-1.669021728711075792e+00,2.218390208015415421e+00,-1.347703650461248737e+00,-4.306006226694809591e+00,-2.914607635487291848e+00,-5.486717255071879018e-01,-4.398364382233334702e+00,-3.477468523927373933e+00,1.242712319202235349e+00,1.423827380161958756e+00,-5.744120641524451898e+00,5.110432957135271792e+00,-3.961464482436253265e-01,1.073799241361895307e+00,-2.558385973418781489e+00,3.814531152542318670e-01,1.507417624281973012e+00,1.883214157014691637e+00,-4.104875458880083983e+00,8.428779013241827212e-01,-3.371223929027901800e+00,-3.666043618968399809e+00,-1.232212960688874759e+00,-4.176410456663315784e+00,1.210476619812135501e+00,-1.318337780653675351e+00,2.329010087301492504e+00,-2.923851460716183404e+00,9.816433554328962696e-01,-6.254920595589979371e+00,5.125514569643080387e-01,2.404822578505867448e+00,3.294945705904935185e+00,-8.357305092295379545e-01,-5.048194053779156754e+00,-2.428685674686497542e+00,1.124046889168884400e+00,7.502173521978221515e-01,-1.478016452207138398e+00,-2.998946086585545512e-01,-4.940330502285275038e+00,-2.453412771751565469e+00,-6.390163321902256888e-01
-1.286998303827248114e+00,-1.371966254364558102e+00,4.373334667313830693e+00,-1.738312585766347951e+00,3.119274934466948590e+00,-1.348878387995114947e+00,3.588699684591909023e+00,-3.966334349249347024e+00,-2.029128286252537272e+00,-3.934446934150376052e+00,1.245922090648380748e-01,1.208302736234295294e+00,2.582423504070630926e+00,2.013168835823146985e+00,6.229180509846758085e+00,-2.830602388665492519e+00,2.098365008177033975e+00,-5.604118769393655504e-03,-1.086115942555649500e-02,-3.775002451585020236e+00,-2.734034251705292906e+00,2.644619897555561927e+00,-3.757967622190129475e+00,-5.095268338237061156e-01,1.857246895727890368e-02,-2.470339299821789236e+00,-2.041636025124307641e-01,-3.299682245917395562e+00,-1.037811795212592925e+00,-2.491255479019771180e+00,-1.784180947061921596e-01,1.747082677147399732e+00,-1.025937536829227836e+00,4.410841619719551687e+00,6.902900105929142605e+00,3.266388922694906327e+00,1.109990967371268455e+00,-5.327061831839562167e+00,1.534556783019462925e-02,-3.983840992503380640e+00,-1.831075813915358785e-01,2.177489850429474405e+00,-1.807990469788552379e-01,-3.826225072515229808e+00,1.211154740214638759e+00,3.989791927179747510e+00,-3.485486151683890588e-02,4.280433590704355140e+00,1.486940258144055615e+00,-1.342910227560226488e+00
4.825060860357043069e+00,-2.241315130569189851e+00,1.409039082950200861e-01,-5.146104127719403065e-01,3.498636414837881681e+00,2.894802582673822400e+00,-2.461070381497422854e+00,4.033386858040065304e-02,-5.589684879261982431e+00,2.894996787108037317e+00,8.116471318406950353e-01,6.233579107618021364e-01,-4.039172376350653182e-01,9.849432128790175378e-01,-3.504496795632144668e+00,2.998491128672120531e+00,-4.622003822883420376e+00,1.024401544203057401e+00,4.344014884303150303e+00,3.602894893172248203e-01,-2.650092601820051158e-02,-4.860387565938609100e+00,2.702406350494679810e+00,-1.796887214262467669e+00,1.513217476266144113e+00,1.718316207733948886e+00,-4.891350250513549769e-01,3.770249395943324200e-01,1.260763181629883656e+00,5.129493544129481108e+00,3.090194599173019085e+00,1.738096047568612024e+00,-4.124687124769143232e+00,1.610455017495896035e+00,5.247068318166022038e+00,-2.498681931374090226e+00,3.395823656924777389e-01,-2.086213499055052711e+00,1.918319318439715815e+00,-1.503253395327722064e+00,3.783703635248564456e+00,-2.631945813228118602e+00,1.682179331964672064e+00,3.688420664520835501e+00,1.362207081863760605e+00,3.716796319508721136e-01,1.607466112776837264e+00,-3.641966977088939572e-01,-3.000721836428925204e+00,-1.263670379886679296e+00
5.083010425294632872e-01,1.575349697995666487e+00,4.390369923023758503e+00,1.204141037752942012e+00,3.424036940800055717e+00,1.459341701146008141e+00,4.464958629227312237e+00,9.504028504676231837e-01,3.998676183893962843e+00,-5.023889013973104056e-01,4.934618392480606630e+00,-6.022540369758229595e+00,9.782033998512735806e-01,-6.461328917814469497e-01,-1.687378346813131147e+00,3.362439318154348378e+00,4.069607344964031981e+00,3.376813845498081168e+00,-2.016816609869528154e+00,2.000938622434207392e+00,-1.535816672796107785e+00,1.783639828228735125e+00,-2.004646691465457042e+00,-4.150571289482521742e+00,-4.181608202273511488e+00,5.351302988683500850e+00,2.618298355255638032e+00,-2.075211362145289673e+00,5.120859554025961602e-01,5.083580356829093816e-01,-1.469187108875114500e+00,1.838234460804764270e+00,4.426011215211164362e+00,3.036580324288363553e+00,7.701918097850092293e-01,5.673917953611097076e+00,1.252637738693217040e+00,-4.701023930184722310e+00,-2.389193915788533129e+00,-1.645631291703029131e+00,-2.189053873606388478e+00,-2.080122028626725683e+00,-3.258964283755312330e+00,2.709513738478618983e+00,3.238505555741665987e+00,-2.221852238482092456e+00,5.833658458963123516e-01,6.744820423710439883e+00,-1.317574395834801404e+00,-1.375893192866473269e+00
2.373010275290355242e+00,-1.522075525245894623e+00,-1.546082643063346751e-01,-4.536954729014868737e-01,-5.100148587411696965e+00,4.175469657204929241e+00,-1.767165156432698225e+00,-1.704202958151337377e-01,-5.683669580235258145e+00,-4.102630232290397139e+00,-2.562897435112633016e+00,2.122049394515760579e+00,-6.324225375548254924e+00,2.131432509626202787e+00,-1.158408717547310340e+00,-2.598165916538238918e+00,1.330910459776161625e+00,6.095627720994291288e+00,-2.105636508900895709e+00,-1.485337946437933218e-03,3.854530692876478870e-01,-4.501590177756791822e-01,3.176341671713065029e+00,-1.274443428328575045e+00,2.115072526459266911e+00,1.681416542348338483e+00,-3.897532130653013627e-01,-1.614469479782588701e+00,-2.730816355145836427e-01,-5.469683099821636141e-01,-1.915805152318119861e-02,2.724714467393199335e+00,-3.304617332029046395e+00,-1.779745918094418622e-01,-1.946707508995351610e+00,-3.979534798459680722e+00,6.532297264898866418e-01,4.434925979619507075e+00,1.083687314006798186e+00,8.882990596865270039e-02,4.199900352194375408e+00,3.743270773637228377e-01,2.084975431356864028e+00,1.068400790236461395e+00,9.713775318443805817e-01,-2.904578141654727830e+00,-8.400389932554293004e-01,-4.771635435408117659e-02,8.378149102544806270e-01,1.873817788946223972e+00
-1.141305343311753928e+00,-6.797716752788588446e-01,1.701970652672810669e+00,-1.483534124325390113e+00,-3.920325193193204827e-01,1.308224687507688389e+00,-2.215420229743770619e+00,2.874527151143378756e+00,8.980965725597200855e-01,5.647963574298842104e-01,2.665443725703787958e+00,4.265137919956181634e+00,-3.061311754494287829e+00,1.330632292722025545e+00,2.367916577780089682e+00,5.362391029652059160e+00,3.959570522715870844e+00,-1.461646976159428901e-01,-2.816384766818848528e-01,2.575287835030072081e+00,-2.137132423139007198e+00,-3.680583489672238251e+00,1.765122160588186606e+00,4.624026863783154973e+00,-1.865114444370889579e+00,6.025446027561836004e-01,-4.225009701516573735e+00,-5.630410991627694095e+00,-4.861822463109791492e+00,3.142606447394623304e-02,-1.899098277532046852e+00,4.761439444226934214e-01,3.823749101351455515e+00,-2.649725194515570426e+00,-3.895811035825330837e+00,-4.152647257852408735e+00,3.421955492011893973e+00,-3.718994644379698400e+00,-5.375327930315942027e+00,-3.141721422776944994e+00,2.864120595956308524e+00,-2.427185309331927332e+00,-6.153512194808709701e+00,-4.309031939587927518e+00,-1.364972436572424064e+00,2.497408076092705542e+00,2.356656113616324433e+00,2.505924126942278285e+00,-5.226829153546099782e+00,-1.490258251148494084e+00
7.186070221004650649e-02,-1.747464797873288234e+00,7.541660493456192604e-01,-4.976894226030634805e+00,-3.810430418249540541e+00,-2.329903794274224005e+00,5.849842719721837225e-01,4.440894113082091366e+00,3.844434480723378789e-01,2.760677585815115354e+00,-2.152811791219230386e+00,-1.458498776618961656e+00,5.552580957316129995e-01,-5.728056629365297914e-01,-2.300335162448701620e+00,-4.971408922874515746e+00,-1.788135510354347701e+00,1.352489655211538189e+00,-1.479978585025443882e+00,-4.678150089852812776e+00,1.244889983071050032e+00,-4.583037952124033865e+00,6.973762262072209506e-01,4.139166916891133141e+00,-1.778553552044084274e+00,-3.643282575182879235e+00,-5.581858291883806444e+00,-3.315125178281450591e+00,-2.192511727478029027e+00,-7.592041885802076617e-01,4.639691951689072447e+00,-5.081650885942920581e+00,-1.289281464328461135e+00,-4.065545315360788337e+00,-1.483746989874755728e+00,5.492655924232461850e-02,7.933264126187110632e-01,7.391817694878564104e+00,9.431413787706928176e-01,-1.600342653109535274e+00,-1.906526453309016489e+00,1.380779934527199826e+00,-1.052364620104325743e+00,6.293584222162029285e+00,-4.429615247171177828e+00,-1.909221860280206073e-01,1.058940631216396033e+00,-3.052189613881400643e+00,2.996525418680800468e-01,-4.492543485928604419e+00
1.430418151051363829e+00,-3.601856858831125052e+00,-2.246865117870932238e+00,1.975209154081077889e+00,-1.006981334694324604e+00,-2.390811089483596774e+00,-4.973896607984838347e+00,-5.628809931929613652e-01,2.971408449553262887e+00,1.732313230991614716e+00,2.718098202123629292e+00,-7.257440859953843970e-02,-1.820228978396674080e+00,4.418373453099114556e+00,-5.480358184046656866e+00,2.641426292951169486e-01,5.738094749495993518e+00,2.411258017224753303e+00,2.075930283882372329e+00,1.261100910526934182e+00,1.479400280212703978e+00,-3.586285187339886438e+00,-9.710758023473329281e-01,2.598124743936035763e+00,-5.095719370661138115e-01,4.391931395512291281e-01,-2.906270543266566531e+00,-7.048042313022767624e-01,-1.003863175395969920e+00,3.410720918937700130e+00,3.105289169905254276e+00,-1.664698739470572120e+00,-3.389189575079155414e+00,-3.907151378671738784e-01,-2.117011152315213973e+00,2.995447511489983672e+00,2.706517868699270135e+00,2.799616389038529718e+00,-5.426827018570890893e+00,3.993313087640331549e+00,1.751493985901830808e+00,-1.648371121311469567e+00,-5.914217000957686210e+00,-3.430098360982548833e+00,-2.705712779539937718e-01,-4.624448736415745387e+00,-1.303304090227232759e-01,2.607888248663184250e+00,5.355782891330221340e-02,-3.678028353122356542e+00
8.187652264241844335e+00,3.705905562212405080e+00,2.617441187798422164e-01,7.153922628867809053e+00,4.282770992617999539e+00,3.416423779609758959e+00,6.248838148009537186e+00,-7.243452050304983736e-01,1.883706269587150262e+00,3.105435469737245047e+00,8.722128457405883273e-01,8.673794548744092614e-01,2.146353783521146308e-01,-2.466232451722775831e+00,-1.755119920989563487e-01,-9.998396484065719125e-01,-7.210948835619813979e-02,1.587493540939269865e+00,-4.705350005173459138e+00,-2.899772219589810796e+00,3.421070886289207635e+00,1.397461589466157283e+00,3.804170399814951864e+00,2.769266043391072962e+00,2.198935062516420569e+00,6.436983686586156272e-01,-5.076468203242034960e-01,-1.856554697162672518e+00,7.087818026664719717e+00,6.762984178746300756e-01,8.982132769775242886e-01,-3.233758376961911374e+00,8.842126984909222109e-01,1.109898957303904643e+00,-7.844009493638833819e-01,-3.858105006281887128e+00,-9.487801604356902452e-01,-2.554011939362143213e+00,-1.565548292399245645e+00,3.396613604801128616e+00,1.672006919313343110e+00,9.586329644309891096e-01,4.049285744822419986e+00,3.752106840711244118e+00,7.780707284335098839e-01,-2.260633146189477305e+00,-1.305246377150563575e+00,1.470309951828698392e+00,-1.548870797100894370e+00,-1.449248946627640366e-01
9.248125823878047269e-01,3.644268463249156209e-01,-1.977418253979633000e+00,-1.617112940340823757e+00,8.252694885137168423e-01,1.358247280570076709e+00,-1.797699389475794496e-01,3.790022017191936876e-01,-9.203019449547098496e-01,3.194313580357607041e+00,-4.579400738483198618e-01,3.589145168533189323e-01,-8.023851501741985359e-01,1.493370041962847505e+00,-1.125499684380150689e-01,5.556894373326879411e-01,2.670025080186118949e+00,2.913500709475619121e+00,-1.376243073176992127e+00,-1.160823892626995590e+00,-4.085674841771277599e+00,4.234041731133776909e-01,-2.019979967847944646e+00,6.562532728830485773e-01,1.151756134717575097e+00,-2.601991666289684257e+00,3.235758843541347574e+00,2.902627793216411067e+00,2.053526575134251519e+00,1.075390029490599364e-01,-1.091186377399121721e+00,-1.221191363291802556e+00,7.150294098226800399e-01,-3.707927098243211539e+00,-4.180658396676850685e+00,3.049681933117398103e+00,9.077535521841277599e-02,-2.498548782944205460e+00,1.824394147894076390e+00,-6.619275710402655610e-01,4.290701562863493912e+00,4.396155878133467532e-02,-2.921772248119752224e-01,-2.479676595784509274e+00,2.999443068643792287e+00,-3.046795964413653746e+00,7.623153274257421508e-01,4.309202812887301448e+00,-2.783712259723201576e+00,-1.799695535587040096e+00
