7.692023143851389744e-01,-2.532935704491459550e+00,-1.011318492532782498e+00,2.215254605512208541e-01,-5.054298314080352128e-01,6.491494284276991822e-01,-3.457745376726761299e-01,-1.019111785125211833e+00,6.136283679205517538e-01,4.050634227669271947e-01,1.979497815745115963e+00,6.433191420862894860e-01,8.251514928373712143e-01,2.878819318720821308e+00,1.026644335326966972e+00,-1.397795750174305462e-01,1.243849307778251756e+00,3.062820295456976649e-01,2.931583535088568837e-01,-1.587610222663823900e-01,1.789764266558564243e+00,-7.162850957330619828e-01,-1.047190387033410497e+00,1.465754655563133779e+00,-1.347012728822263083e+00,-8.727181316540871814e-01,-2.659576845007328300e-02,-1.500590142602959309e+00,7.275848285988043562e-01,-2.009456870004514339e+00,-3.534653451955018233e-01,-2.226295990058241303e-01,-5.019879739036549049e-01,3.986492760098548915e-01,-7.158927769324573420e-01,1.303898316632521315e+00,1.488437096594682929e+00,-6.842479458745440724e-01,-1.314301934817156126e-01,9.926080085611189707e-01,-1.164721153073131177e+00,3.948565439283392986e-01,-1.406037476678614562e+00,-5.334481943000360937e-01,-4.891354602513501848e-01,6.816439005900533088e-01,-2.044120495944625748e+00,1.163406636357358498e-01,-1.112157378285211884e+00,2.239467401882737185e+00
1.260247141478290124e-02,-6.582527228860827195e-01,-1.862521873662737359e+00,-4.028775195850373692e-01,9.501354020982679671e-01,4.819689684103929395e-01,1.367356739928481835e+00,-9.632411578322747081e-01,-1.517116090932479899e-01,-5.293973972899699287e-01,4.886271583940961921e-02,-3.870450518523292915e-01,7.557186986490121994e-02,-1.220198357713642823e+00,1.825853046127676071e+00,-5.701303070217306201e-01,3.427134289404479284e-02,2.810010455988742328e-01,-1.103125885225749281e+00,-4.535986324194942743e-01,-7.994902214805389429e-01,2.503399628825555001e-01,3.041264749317179605e-01,2.662437470825519403e-01,2.345009715820029761e-01,2.815235603756562899e-01,3.154955431242139618e-01,3.181056661151531739e-01,1.660389121714324623e-01,1.108707050573968012e+00,-7.531717368680903579e-01,-2.289806986054579330e+00,1.175309390901875917e+00,-5.547254341978221648e-01,3.473098692995350151e-02,1.107815092484109032e+00,1.190678888001872160e+00,-2.002558806412338743e+00,-1.287669666988113137e+00,2.331443114884862666e+00,-1.868210665709211377e-02,-1.882576109149841193e+00,-8.968961827687377264e-02,4.923041030104717830e-01,-6.700396221194250546e-02,6.666063918432587644e-03,-3.478421762244507387e-01,9.983082898631842061e-01,-5.740780145717383487e-01,-7.578421799834524908e-01
-3.864902017300076570e-02,-8.019154962044214852e-01,1.093262805739647625e+00,-4.705409967230519963e-01,7.289884036798842393e-02,8.489020915495945618e-02,1.201311743604862814e+00,4.622175786883409576e-01,-1.598642261101630713e-01,9.331308378898736100e-01,-3.459430241746782597e-01,-4.213862543955290141e-01,-7.192742694394649305e-01,8.213095499222653473e-01,-1.366856246686302123e+00,1.278747090015443399e+00,-7.395192210578174219e-01,-1.987526212316527596e+00,-2.385404914701007295e-01,7.012501330210383355e-01,-3.579071618510372144e-01,1.039358232808138327e+00,8.390690879475101172e-01,1.531377641419762403e+00,9.028669808527114635e-03,4.896660520399856997e-01,1.874665499892972376e+00,6.342366720365112398e-01,8.141667098418226001e-02,-1.545879150788871614e+00,-9.071006767293934847e-02,-4.288858758209229127e-01,-5.340539541210386210e-01,-4.840624893764522430e-01,-7.792013888252232734e-01,-6.275069860177048819e-02,-1.865142698984980085e-01,-1.792360229405360217e+00,-2.406280012902163590e-01,5.186508820052905255e-01,-2.321951992249783325e-01,-1.931206113828474402e+00,7.036514106428785886e-02,-1.268087148376937812e+00,1.070727483072261010e-01,-1.679369109067590793e-01,1.403306383202571395e+00,1.714890216782236410e+00,-6.966535839627857607e-02,-3.867379725156575576e-01
1.105979615123143356e+00,6.273477032040045698e-01,-6.767392996391556892e-01,-1.473552099893411294e+00,-2.473904590590234598e+00,1.309582224304264741e+00,6.059378065318404838e-01,1.051531199915435977e+00,5.927826271384503132e-01,-1.054919372955209766e-01,4.958100156608601372e-01,-4.637026634199146180e-01,2.351383118684508000e-01,1.257037659734382196e+00,-9.244248693529404370e-01,-1.610243424262191025e+00,-2.045257462161962914e-01,-8.265833002313682787e-01,1.147617578839395192e+00,-9.243614081806129645e-01,-9.530101225291980338e-01,1.062765937866909427e+00,-5.132378396457015768e-01,-1.199483600679352446e-01,4.365572855852402623e-01,-7.176248467707984080e-01,4.169727790990978566e-01,7.274677883094416986e-01,-1.929796299872437393e+00,3.916361465881051246e-02,2.538054407135102442e-01,2.309128950414905679e-01,-3.416671304824686617e-01,-3.302961493527776793e-01,-1.996229021926798186e+00,1.047600316552280919e+00,9.503256614272135305e-01,1.364680667759363475e+00,-1.901110913607316544e+00,-4.233352883939018318e-01,4.972688315518942748e-01,-1.602346930355008858e+00,1.563845991755951070e+00,-1.943316068444855271e-01,8.513628451438739475e-01,-1.563966324584898038e+00,-1.607110220445308713e+00,-3.146686947620001007e-01,9.797684894374288911e-01,9.011945428077028364e-01
2.525691882781639919e-01,6.238094711508994639e-01,-1.281592288923895651e-01,-1.073142666908046272e-01,-1.053095455075537368e+00,-2.531284335825046750e+00,1.004033701824700864e-01,1.463964879456018275e+00,-6.751640800451262914e-01,1.438988944846117390e-01,-4.020838258214612937e-01,2.131949582128996878e-01,3.546662173059127177e-02,1.126040221648975326e+00,-1.192938264911211688e+00,6.141735899049071135e-01,1.072271095215277859e+00,1.282349605433064532e+00,-9.070192864593676907e-01,2.751704991561688685e-01,-1.342910170327463515e+00,-8.458980914200346646e-02,-1.971714279691464844e+00,-3.663603765674330881e-01,-2.013289586218928395e+00,-4.939222294623175080e-01,-7.803745472138310380e-01,5.395272940539199702e-01,-5.841061928528584746e-01,-1.374157578010369862e+00,-2.694305171200102045e-01,1.643280575998532056e+00,7.579786185169552493e-01,-3.452745205211404378e-01,6.033641971464415166e-01,8.544138330283286287e-01,-1.537423450409650005e+00,7.753125512841485545e-01,-1.582341942738505702e+00,2.535349496071281905e-01,-1.471190041743874355e+00,-4.557425217229970071e-01,1.297081736966674725e+00,1.217591241458504392e+00,-1.193549194754830012e+00,-1.202637303070684394e-01,-1.624362838769802142e+00,-2.399739819244910422e-01,8.598147116337115925e-01,1.276495901724542748e+00
1.260170867973380071e+00,3.799906027050916069e-01,-6.627939464961624116e-01,-2.663786461778233083e-01,1.535236611026759290e-01,-4.030964997444373976e-01,3.090374585098766835e-01,2.286839893039185778e+00,-1.717386732635504398e-01,-9.249705946321353789e-01,-5.807691127523914587e-02,-8.963465366819545199e-01,-1.778961425844298727e+00,-4.118059960420338839e-01,-7.074968179207732355e-01,-2.451733595309514568e-01,-8.414843460181534174e-02,4.400440437955046025e-01,-6.315802279768868432e-01,6.634213797365724474e-01,1.185233248767210146e+00,-4.564910602443055243e-01,-1.472140003272447872e+00,-5.543218907245758276e-01,-4.467921638157427988e-02,-1.121208455099923063e+00,9.441252983874446336e-01,-1.839242420920579324e+00,4.145523192907399346e-01,-5.646468154676592688e-01,-1.517640141556463540e+00,8.624888624991851049e-01,-4.064017243693985315e-01,-2.443910426974236216e+00,-2.544689489675708849e-01,-9.203661546465973231e-01,1.068766549405698374e+00,-1.219658444220815680e-01,2.290228396896991092e-01,-1.364175457385757850e+00,1.053088935800666759e+00,1.059280936308229615e+00,-2.157830601258647452e+00,-1.398124829952451798e-01,-1.829341340382252545e-02,3.624760051769342767e-02,-9.032259907486090977e-01,-3.377173373573350013e-02,-1.544292670963357539e+00,4.562312980425656805e-01
1.625599364851126660e+00,1.705137868065156770e+00,4.745684683401944493e-01,-9.725237829842401371e-01,6.974228759093984431e-01,2.217358841433889338e-01,-7.031697429282419698e-01,2.748078158281915262e-01,7.513549905655798611e-01,9.746472028547041866e-01,1.278080086582488173e+00,-9.668529326983702488e-01,1.696016702887831462e+00,-1.217355525713217368e-01,1.774114779745203929e-01,-8.745684242868274616e-01,1.311659919868272961e-01,1.272508799413369085e-01,-5.194888586159189803e-01,-4.260878938030412399e-01,-5.163385414810352930e-02,-2.948139369232101736e-01,2.354528779123731819e-01,7.694150915422452996e-01,-4.449491573574949621e-01,-6.372142015526122139e-01,-3.949758463051612489e-01,1.617768896467573769e-01,-5.156950319003549277e-01,8.220064279173136534e-02,-4.970335401322844571e-01,1.404050757677155037e+00,-9.380127327231475576e-01,2.323168905544582830e-01,-5.055256262801671729e-01,3.234739223893464133e-01,-3.689407405559045339e-01,-1.220680175490458375e+00,-6.184234132539169204e-01,-1.152971108809963452e+00,8.086061626285383219e-02,4.450735190488702697e-01,1.093545264475866086e+00,1.875149016380484479e+00,-1.237114206245180537e+00,-1.273528648166054822e+00,5.047157910600456043e-01,3.260859758735543679e-01,1.486970405219077696e-01,-1.373736677305598397e-01
9.021090673734650789e-01,4.195123296335235286e-01,3.313305540354782308e-01,1.611200152581820255e+00,-1.047164813606717315e+00,1.341697158433815762e+00,-5.392876696684674176e-01,3.480144575650908484e-02,-3.485029891189382889e-01,-1.340365512249780178e+00,5.143740880990677056e-01,-1.263082006877991992e+00,-3.844080255926110024e-01,-1.658221883435694766e+00,4.283361078458949311e-01,-3.199821067637985683e-01,-3.383139649944345018e-01,-1.835863115545467661e+00,-4.114547527140451910e-01,-4.632862743865003297e-01,-1.093965156787506610e+00,2.807842870626836573e-02,-1.545842553446977963e+00,-1.397066816202030548e+00,6.353733049570635671e-01,3.465654211533694684e-01,-8.919206587340121617e-01,2.731336908785919060e-01,1.573526916818200228e+00,-1.093847286062346491e+00,1.017414275609977548e+00,-1.270617853467365332e+00,3.480519789940906411e-02,5.320921099734268189e-01,-4.582416182758571876e-01,7.781351499850728271e-01,1.838914832255902354e-01,1.852021805062900484e+00,-1.430713901124482379e-01,-7.338426533905794136e-01,-6.587197757271834320e-01,4.971674476675581600e-01,6.510694662535995714e-02,2.717076653288379440e-01,-4.554571268696349651e-01,-2.018649476382348151e-01,-5.119313871525378312e-01,3.845894069657758152e-01,-1.769299143072769143e+00,-1.197008599290367403e+00
1.178335950465586812e+00,-2.925431313834456759e-01,-6.240111142728669291e-01,4.660738113899519641e-01,-5.897868325068053030e-01,-4.379949773673729729e-01,-3.193198145588941883e-01,1.604908207387611530e+00,-9.455908343470080801e-01,1.197587634345750551e+00,-9.234923627510409627e-01,-9.191729799896496411e-01,1.839883997733957166e+00,-7.294531850011876095e-02,6.862356658876486160e-01,-2.080184211243977010e+00,9.871096706516538921e-01,-4.676039171475087075e-01,-1.366156992339813803e+00,-6.679417129320642799e-01,-2.023448319896115066e+00,3.444130484830834060e-01,-5.608059840276370389e-01,-1.686276118630925858e+00,-2.083001112276386124e-01,5.897082501740914529e-01,-7.529494625059297563e-01,4.159766099423158753e-02,3.582955172600369997e-01,7.684734440454497051e-01,-3.977484088857331512e-01,-1.973110920373548405e+00,8.927813294892039675e-01,1.110301569641796160e+00,1.132233776236127420e+00,9.339644058748807209e-01,-9.914578533844866648e-01,5.324674645566618292e-01,-8.859369580589819826e-01,-1.288474008254540726e+00,6.832211434932299043e-02,1.527428736597135739e+00,1.620863735940198058e+00,-8.332126473856792392e-01,-1.317850482533427847e+00,9.038686225582244216e-01,-2.177865333302359652e+00,-1.888005190449711934e+00,5.489901720754601921e-01,-1.512546357846746181e+00
-1.656778216609856302e-01,-1.763079360375861437e+00,-1.836688245306933587e-01,-4.193015557867257326e-01,1.194687999782575893e+00,7.068353315094734468e-02,-4.704395672049742072e-01,-2.139939358769708200e+00,1.188806543909147528e+00,5.298190956953007236e-01,-6.309200092859045261e-01,1.742442949815364406e+00,4.102583542840387842e-01,1.381405589713976756e+00,-8.569065022407069965e-02,6.825772273650178024e-01,1.847283367441215352e-01,-5.390432539256299060e-01,7.292894833195022741e-01,3.023725434770336840e-01,8.931145170960477220e-01,-5.925921550420228945e-01,-1.415871491723765363e+00,2.065690763582130440e+00,1.383532204006653110e+00,-8.084855844620214560e-01,4.442840883591151480e-01,2.831377045820825389e-01,-1.099254982357476207e+00,-3.124690468777101965e-02,-4.284550922243365867e-01,6.643190732853572478e-02,5.395777762984678150e-01,5.756441708531452317e-01,-8.956687752759773247e-01,7.176058734808908879e-01,1.600240978179151341e+00,-7.653892704165926597e-02,-6.511807275053562716e-01,-7.755446329442418074e-01,7.596269685819244666e-01,-2.385058376568835459e-01,1.292110566387985049e+00,-1.323496673125396650e-01,-5.868212401915529064e-01,7.957022575087306926e-01,5.489836433339598809e-01,1.154257885341246403e+00,-2.406199859304485045e-01,4.109077210040744665e-01
1.612135651003211712e-02,-7.412613150710224696e-02,1.366119237982886370e+00,-9.308490987310529263e-01,6.317520244692739206e-01,-1.284822464592046076e+00,3.138346299145831964e+00,-1.996743350681150914e-02,5.912079990102402371e-01,4.777197243981995967e-01,9.782487825334055254e-01,-3.370418571944714392e-01,-1.030854154105992126e+00,-2.556100957358415360e-01,-4.453904865259797896e-01,1.151797421807887689e+00,-1.601627317862401034e-01,1.256649979539642692e-01,-7.242800337052829329e-01,5.435541668008753158e-01,-9.042494537771078589e-01,-7.565860168352281923e-01,2.862136750300374455e-02,-4.196493089903703955e-01,-1.684692708518389370e+00,1.509538910833755632e-01,7.803028870094270708e-01,-1.956461593501495067e-01,-9.317816837174740519e-01,-1.588489015847875108e-01,2.051829669126517874e+00,1.579277762094478232e+00,2.068489101692573551e-01,-9.200352062095329408e-01,-3.104348963181672305e-01,7.081590805076919126e-02,6.483339646434830295e-01,-5.915893298848240445e-01,2.971020144845147315e-01,-7.157030428759567076e-02,-9.898003750292270198e-01,-1.853138454044950256e+00,1.496211654107800548e+00,1.848439549574155460e+00,-1.102620278307715473e+00,-1.079121557886549176e+00,2.197083816987017990e-01,-1.343599453870472749e+00,5.394311002370634212e-01,1.599258080612524224e-01
1.954268507652262343e+00,-8.664382426778871604e-01,-5.389131386308482208e-01,1.643733490760657390e-01,-8.812609080516244919e-01,-7.248005040042159175e-01,-1.099002227683782307e+00,-6.965874589404986716e-01,-2.092174101560413113e-01,7.774888281644258825e-01,1.413031803587018187e+00,-3.306489231527164341e-01,8.536190339287754725e-01,-4.787350612714333375e-02,2.047960959531384684e-01,-1.756237815940859537e-01,9.797275766632487348e-04,1.643712382576288711e+00,2.242611136101194946e-01,1.017824571277102352e+00,6.450093422887577255e-01,9.128244257818016738e-01,1.650542428340823209e-01,2.201170446672515713e-01,-1.984376125540945779e+00,-2.632491347062085874e-01,2.217241090787081259e-01,-2.258176781775761074e-02,-9.733109460052209450e-01,6.285347989777970712e-01,4.858557276704181249e-01,-8.573520244822129266e-01,1.078171932833786650e+00,7.753922839510245524e-01,-1.630646244017536661e+00,4.764626048933338076e-01,-4.481630604654474603e-01,-2.163154627752761697e-02,-3.195485301564028324e-01,5.635572536783532011e-02,9.177906861457669763e-01,4.158062832580495388e-02,-2.667331583161783315e-01,-2.822739684040029839e-01,4.191082096387175882e-01,-1.767242689923624044e-01,5.101843896935230882e-01,-1.310101880728412160e+00,7.460811093868690014e-01,1.374745303865362311e+00
-1.373992176449228442e+00,-7.533285201968480393e-01,-7.766828315766982627e-01,3.483834171361114285e-01,-3.067006628532969459e-01,2.562232196827713415e-01,6.514317999875178788e-01,-5.753752453665171851e-01,-8.520940407425731111e-01,-4.060291596259619218e-01,-1.349160299652468309e+00,-7.849865639099983250e-01,1.371510157276301989e+00,2.721525712737995484e-01,-3.312630366469305199e-01,2.250465215028076837e-01,6.501990649329687511e-01,-1.833894885854534085e+00,-6.552381804647211538e-01,2.594072119152029954e-01,2.374762887948179968e-01,4.419813387674808580e-01,1.126377463307395521e+00,-1.247106883843024594e+00,5.696463216871366919e-01,4.305736082089831607e-01,1.667911698984754887e+00,-1.489943177001755048e+00,-4.550272771971282659e-01,6.069125669573910420e-01,-1.611010168212066329e+00,-1.841794224303218375e+00,-1.848429718282751821e+00,-6.572317083594118037e-01,-2.531214617017810142e-01,9.840056117360410637e-01,3.049978754929526525e-01,-4.754057029149418023e-02,-1.033851072149519629e-01,1.344564766059211935e-01,5.676809115145117213e-01,-4.865624876897149953e-01,1.079246450516649691e+00,1.495368532992069066e-01,1.926441196096885800e-01,1.174844697274340710e+00,1.127938246805893774e-01,-5.393428264380639714e-01,-1.783952003468833425e+00,-8.102687298137327687e-01
-3.327990195623339309e-01,1.220382963915704666e+00,-1.534239370039793160e+00,1.616964508146868873e+00,-7.493050848437864397e-01,-8.396140541971095494e-01,2.384462102831178765e+00,3.929728415573932598e-01,-6.762673699210420830e-01,-1.857040129184223343e+00,8.493342343360188451e-01,-8.145162484275283443e-01,-1.321133772727612232e+00,-4.223405128496267036e-01,1.715202901637026892e-02,-9.850634562635181002e-01,-7.296231304224976011e-01,-5.146705531167634629e-01,6.294848986107401956e-01,-1.543777556481158220e+00,1.227673453063007347e+00,-7.111261614323788338e-01,-5.116341907457031546e-01,2.069915038939371232e+00,-5.226369069568479464e-01,1.103535479320184344e-02,2.183568848807364571e+00,-3.287250885503741893e-01,-3.172549740401899299e-01,9.847550618661194965e-01,-9.212774354071593397e-01,-1.559559592161476660e+00,8.960309925374932982e-01,9.602549903127387265e-02,5.848505836020602144e-01,-5.560848095387130874e-01,-4.312045484926591565e-01,-7.778920619811731108e-01,4.196122915879017534e-01,-1.779337767974296325e+00,-8.963907030770374984e-01,-3.142180851039365064e-01,2.397961447382170874e+00,-1.990989771975160583e+00,-7.487871977068579765e-01,6.221379907708382007e-01,-1.049778854288951457e+00,1.243969580416901533e+00,6.077828439562793506e-01,3.564486357236755776e-01
-8.715781486876906792e-01,-1.300482397643722310e+00,1.097631529865285449e+00,-1.855434995319578784e+00,-1.861125905805604663e+00,7.502237396794612101e-01,7.129315494197451253e-01,-2.161744842301646652e-01,2.957047847512791344e-02,2.113269748210280796e-01,7.376217056212134304e-01,1.180632253699529996e-02,1.629738667678643393e+00,2.654814063956961179e-01,-5.989022130499098706e-01,3.803438322065233468e-01,1.840262335513329406e+00,1.437383071306543636e+00,1.535718178226270325e+00,5.212081159254785545e-01,-1.873004221363871458e-01,1.671944930037080557e+00,-1.313462365229293716e-01,1.316010157519380774e+00,1.776000539563658220e+00,4.497360197146328953e-01,1.153913565564516075e+00,-1.312487684890665696e+00,-7.229704862302912538e-01,-2.371660102374715529e-01,2.721280257134917925e-03,7.710390972108258634e-01,1.466122028549106671e-01,8.548962679643292706e-01,-6.027421203882252776e-01,-1.228503344213675241e+00,-1.014610738910193266e+00,-2.024875107905580729e-01,9.270350496605975765e-01,1.473903807418146528e+00,2.278881834793412553e-01,2.179716245649133688e-01,-5.348454533452838833e-01,-9.425176475014162003e-01,2.445484493384201541e-01,-5.849757656033605091e-01,8.391451473673591233e-01,1.127063597982671528e+00,4.905151175760418814e-01,-6.368590268472831273e-01
-2.221804366267251751e+00,9.175761830380853024e-01,4.444000641482156455e-01,-7.182148029866626260e-01,-1.466237621492354037e+00,2.376096129969047510e-01,-7.389305789325252283e-01,-1.045717059139791072e+00,5.113744763415072336e-01,-1.557243723158407533e+00,-6.088270542383166228e-01,-1.542782129880688746e+00,-1.164799813435302145e+00,5.641891434983072884e-01,-7.206560129300702000e-01,-5.178526167243633349e-01,-3.671586029529168016e-01,-1.785447798834020050e+00,-2.340344304101204642e+00,-1.398301536745752749e+00,-6.737642381906931988e-01,-7.814491701272764379e-01,-5.462033838347983838e-01,7.772925906643204375e-01,-6.076323140586598059e-01,1.240131159429750163e+00,1.282108298530562074e+00,7.324544739443881181e-01,4.778128477095643367e-01,-1.479093486467694396e-01,9.933275727178860759e-01,-1.090077278914640679e-01,2.985450061335695460e-01,-1.080408496570759658e+00,1.771358784796476460e+00,1.005287106497962712e+00,-1.170876582412635036e+00,8.228303979986043015e-02,2.918388922660039020e-01,9.309529505237730262e-01,-6.217305546014501028e-01,-1.022206647634238186e+00,-1.054031076057133198e+00,4.929573368769779029e-01,-2.176932102216695974e-01,-9.728478132199828154e-01,2.369366605909310475e-01,1.083272041586400558e+00,-1.661725835223011594e-01,-1.185144937305946389e+00
-8.113535997098400565e-02,3.154977814620930909e-02,-9.240524462021493246e-01,2.371426115437293980e-01,4.620266285599820000e-01,-1.065897563121993796e+00,1.532868927445483198e+00,-1.119248930374215911e-01,1.131193874310449932e+00,1.431091526882599441e+00,-3.157946662121926540e-01,1.080305835840626116e+00,-1.461744161622246629e+00,6.157505992614550200e-02,-8.073041996341982773e-02,8.095043713184779666e-02,-1.845376582344552263e-01,-1.117924518043414528e+00,-2.046934949831962502e-01,-8.125618555345163196e-01,-1.352125827585028084e+00,1.334999811874279851e+00,-2.565538673105728362e-01,3.241066712184985099e-01,-1.198727121360657399e+00,2.046200604027780479e+00,1.047198799693827675e+00,-1.042581850009325128e+00,-7.158245587219009831e-01,7.171494431656855184e-01,1.292045436313943751e+00,1.921724610631119878e+00,1.231447161736487939e+00,1.325873458340061546e-02,-3.933191963393742885e-01,6.627441406201601826e-01,2.360758617434342899e+00,-1.995427220831255122e-01,-1.679667174917366168e+00,7.200640687553766517e-01,-2.324723228926056096e-01,4.716614066213782874e-01,7.377752989836307285e-02,-6.031893548175100150e-01,9.591587834628030607e-02,-4.579220029905554934e-02,1.211681946299938861e+00,3.455807893165654954e-01,5.017400520545562959e-01,-2.173168135367263165e+00
-4.216348770149290770e-01,4.334249380517974926e-01,-1.068669613261345130e+00,-1.463110979177058901e+00,-2.289493699212260314e+00,4.053979000015852097e-01,5.729430479966626244e-01,1.542034443842119407e+00,-4.405037024847928417e-02,3.071044854072807473e-01,-1.729153099274753289e-02,6.871911536681888366e-01,-1.718593518830427089e-02,1.152583871686599259e+00,-2.907376995364412964e-01,1.563647425875876795e+00,1.405842857341522922e+00,1.337754662021321428e+00,5.808471204355996065e-01,7.049602197027092787e-01,-1.968656019503235877e+00,-6.345885217260200939e-01,-1.030751734004490494e+00,7.470991858391821117e-01,-2.981318047559843309e-01,-1.147764727043214306e+00,2.071880885034517727e-01,1.589925963819261545e+00,5.673001513617408342e-01,-1.588208694910979935e+00,2.132565059448428835e-01,3.515319206186062750e-01,8.992550475138496591e-01,-5.389011588587959700e-01,-1.155243770078121734e+00,8.550333605843201124e-01,7.227550503307547114e-01,-8.363515653005282324e-01,6.450759237906696919e-01,2.210256791919091024e-01,9.474662367165856969e-01,1.190417621265364434e-01,-1.289292241060861821e+00,-2.116211054221021737e+00,-3.640819913608658864e-01,-4.374188482430517722e-01,-1.230590186622010362e+00,-3.576557854847504658e-01,-6.535384733875302388e-01,5.191020014299915220e-01
1.351344190633775089e+00,-1.748693648306506032e-01,-3.926894929982987503e-01,-2.127770250460316870e-01,-8.193095567160556536e-01,4.142402153245410279e-01,-1.178051708011994547e+00,1.928884983289894883e+00,-1.096691345248660410e+00,9.135360164695477403e-01,3.287636500823250540e-01,-7.457656322406228666e-01,9.005816414098137546e-02,2.115288655757240621e-01,-1.117230683516787781e+00,4.050813233530605184e-01,3.456977574264639141e-01,-7.253787067781499731e-01,9.613807236436110459e-01,-5.697126886316444816e-01,4.827804981123437478e-01,-5.545833825062194133e-01,3.629521051619270522e-01,-2.660858453769209819e-01,1.558148170954514411e+00,-1.228181050887123399e-01,-7.566694337389442415e-01,1.661076104954810617e+00,-1.668886550546748726e+00,-1.252979633539265114e-01,1.446449791728291911e+00,-6.736811681865142454e-01,-1.656300837191243103e+00,-5.993538105494257140e-01,2.195794690851211595e+00,-2.616429236427508798e-01,1.022735537428958175e+00,1.967334093436268472e-01,8.874066917930334419e-02,-6.343626375366719916e-01,-1.055422717269545618e+00,-9.730053837854334420e-01,-1.390003611066229938e+00,7.367629169013614199e-01,2.455850093279745294e-01,-8.337350548296396102e-01,1.311295297059834164e+00,-3.511575350320980338e+00,-9.811842383881638208e-01,6.509249407636512608e-01
-5.137666249413864739e-01,1.841292005777021235e+00,3.926987869864672631e-01,1.680494589813154471e+00,-1.065152628555016134e+00,-7.963124271763540041e-02,3.767770932894387581e-01,-2.509011523529703358e-01,1.475504471531144279e+00,7.149868726094020799e-01,-6.061849160030636785e-01,-4.337508899858686928e-01,-2.165784203582625356e+00,-9.524969218826829787e-01,5.967170983144269858e-01,1.087935644087230758e+00,-2.676387270636821358e-01,-2.652360586363259554e+00,2.243886015945528278e+00,8.365265657872289484e-02,-1.345334375709795527e+00,-3.781980716375395457e-01,1.090292708065868921e-01,-1.548123135882477186e+00,-8.249366556394723826e-01,5.915868957127552452e-01,8.551851702002688516e-02,1.218657228766039990e+00,-3.109537415345365874e-01,-1.172307527510246583e+00,9.239941995645964967e-01,-1.303602849407233366e+00,8.767340847457231190e-01,-7.233037250698752807e-01,1.111038962105574290e+00,4.419441279977768255e-01,-3.436561661388776168e-01,1.123453305240157185e+00,1.932276480194276003e+00,-7.767222329549884341e-01,-5.173967738509722691e-01,8.686322618979769317e-01,-1.171728588411521388e-01,6.212444310224100180e-02,1.645387709448353108e+00,-6.969241621737550796e-01,1.210869458700051693e+00,4.688563923009513301e-01,-2.213897825492144866e-01,9.537932774370726507e-01
-8.171122116807444380e-01,-2.616846105336094741e-01,1.032891816118148010e-01,1.653729210198757960e+00,-2.455244777535287859e-01,5.718490926153616538e-01,4.419867723636209944e-01,-7.356050885136533601e-01,8.997525833023042874e-02,-3.855546207671619596e-01,1.765772921725269784e+00,1.355885443197926588e+00,-9.773200289647090422e-01,-5.454154910450164095e-01,-3.951358687177535245e-01,-1.187221200919860831e+00,-5.641032804655893296e-01,2.087547417566135710e+00,-1.120486836406564324e+00,4.272369524908318228e-01,-1.469880532625940095e+00,1.192152176144472220e+00,-1.219322922065115389e+00,3.436711708946976196e-01,-8.411002668623471790e-01,2.025119004788227262e+00,4.260599186108801062e-01,8.651735068965632491e-01,-3.097049721549298140e-01,-8.710686866390916494e-01,8.903480546279479713e-01,-1.784364993964824841e-01,2.000814296032166206e-01,1.273401819826416537e+00,-1.329498212143490343e-01,1.131118054882394863e-02,1.208159889408314092e+00,-1.385612462654506882e-01,1.210853383213995604e+00,-7.222649755855484743e-01,8.382199543531959618e-01,2.303892647970200991e-01,1.044423002360773678e-01,-7.705163437999964504e-01,2.728662233047671887e-02,-3.139144367449518691e-02,1.074211278145082105e+00,7.173275243460858208e-01,-1.387065265384035184e+00,1.130344592277122695e+00
1.585045010739381199e+00,-1.972427996557343244e-01,-1.842580962301849867e+00,-6.001583416553500916e-01,6.230673814530830468e-01,-9.342714477520138727e-01,3.473107397947053365e-02,-1.244488851717198141e+00,3.694802318335496660e-01,-6.478561785938937723e-01,-9.536749217264693934e-01,-1.320637888925652925e+00,-1.951067975167902480e-01,6.278617367020112860e-01,-5.191120815916030473e-01,5.090952346984056742e-01,1.983012895510417872e-01,6.745156225939872296e-01,-9.414699433022778452e-01,1.498350126158619178e+00,-1.585349587827989681e-01,-4.800788145263864548e-01,6.793905548926546523e-01,-5.116295525783783882e-01,1.513626132659005696e+00,-3.124008924978517454e-01,5.121119502626442221e-01,-1.205975509671014745e+00,-7.855306305962475588e-02,8.112028570803708760e-01,6.836133918400245646e-01,5.640906236783546079e-01,2.271981513490296312e+00,1.149934295162742481e+00,1.043661241619184554e-01,1.047326373444586345e+00,-1.044733537868004269e+00,1.500690278081994844e+00,-3.642354114527949216e-01,1.769737342007518199e+00,2.037620314298394408e+00,-1.007846005920885135e+00,-1.282697394264461360e-02,-2.374194297736229309e-01,1.009296675816187427e+00,9.124584806489764999e-01,3.193452589495135996e-01,-1.479037431401370339e+00,-1.497850102558173080e-01,2.107751503905873347e-01
-3.384205809671806398e-01,4.223349233670706943e-02,1.490413413273734555e+00,-2.278739890225260467e+00,3.202581678597967718e-01,2.445447086672190573e-01,-2.986520550740923152e-01,1.410032655428324011e+00,-1.745951847643186561e+00,-1.495648874197915479e+00,-7.458998472376087152e-01,-2.266342653576110255e-02,-3.173330948772655757e-01,-8.738170776685679764e-01,-1.156370006183146559e+00,2.809081357559342074e-01,1.394340233861897316e+00,-1.750713395574500675e+00,-3.567260149595598562e-01,7.011638026465829253e-03,7.123186388741927777e-01,-1.241152217584389428e+00,1.326473100779888226e+00,-5.601648954353957155e-01,2.626730543487687530e-01,-1.346215257720024816e+00,5.654035425627975675e-01,1.642226955710706093e+00,-1.684188969083487475e+00,-7.023504678812316770e-01,-5.818269989220492544e-01,-8.800484738338493207e-01,-1.160317714629347297e+00,-1.313753811918555670e+00,-1.474103416057555016e-01,-1.002861555879790201e+00,4.583646116665558434e-01,-4.405759501267301204e-01,-6.746696108458205554e-01,-9.427293071131044311e-01,-2.532516456626003443e+00,-1.265025749555432344e-01,-4.923084359314738867e-01,5.829790298965920048e-01,-1.003347078517072694e-01,8.080051708044132530e-01,-1.624235110701653662e-01,-1.319238622756484736e+00,1.122787862848335871e+00,-2.984119647246257986e-02
-1.127665314340510656e-02,1.103106580610230925e+00,-4.578025908363286822e-01,-4.539952790803573612e-01,-4.083913259641434590e-01,-7.522439360760976301e-01,-5.244603869312070010e-01,-1.336364713648258373e+00,-3.866178101126216404e-02,-8.105069515317032958e-02,6.879196305512533804e-01,1.287257436372160502e+00,1.357218352320618049e+00,1.302112632206632092e+00,-8.837469382126120765e-01,-1.269306754942567395e+00,-1.081229238681437277e+00,1.339259467781570789e+00,-2.915025461141527718e-01,-1.235824960443828446e-01,1.470774036881462576e+00,9.555892355276499606e-01,-7.001103106980565149e-01,6.825296238712849073e-01,-6.321983231476121512e-01,-3.080117663718368037e-01,4.684650868567412363e-02,-5.095194672561056404e-01,-8.874330504417881071e-01,-1.440839121948679136e+00,3.701292699495370431e-01,4.314200584981162656e-01,-2.749045513577009769e-01,5.283013514636557550e-01,-2.476093204283063010e+00,9.456216595062004737e-01,-5.679235749445745718e-01,-1.426375071740046074e+00,1.679023623074471949e+00,1.463250514855902962e+00,-9.160906192219415989e-02,1.605211441818609752e-01,-3.427307382800964253e-01,6.219250354954984905e-01,2.723222780252788411e+00,-1.255438335287354157e+00,4.707745968299854589e-01,-6.659966463488536936e-01,1.011351317877596800e+00,-7.923452430860858375e-02
-6.064993462428225346e-01,-5.021618597332481171e-01,1.515240376707471359e+00,2.434347899508786661e-01,-1.102915190640499699e+00,-2.435756929126703385e-01,8.378337020320718587e-01,-1.467523410775409959e-02,-1.167822558212501916e+00,-6.084604107222592040e-01,5.030973360798359773e-01,7.828108061946529306e-01,-5.543072845524816827e-01,-1.943050379165795594e+00,3.313232432251003168e-01,1.456560077775924389e-01,-9.062605133100315458e-01,-4.954798864804410563e-01,8.820831093513222809e-01,2.936291481766024059e-01,1.120884981157489912e+00,7.008489304248214369e-01,-1.360678917350922168e+00,4.059838952761196662e-01,1.031322249765860954e+00,-1.114887714366294968e+00,-4.512046665966005232e-01,-2.102983084640416944e+00,-6.364541782895460909e-01,-5.499793520377898037e-01,1.547683176300555852e+00,-1.397114875078225293e-01,7.109212804623892268e-01,7.891754474783909679e-01,2.754211877698252708e-01,-7.630657167543767327e-01,-1.920190158869464980e+00,1.794004043879708632e-01,1.499366524443794813e+00,-4.152621791225566406e-01,1.274254338153922195e+00,-8.742058800202071600e-01,-3.386912299556985029e-01,-1.792121718696547017e+00,6.541941035562591766e-01,-4.417901575000790504e-01,3.659112941466445834e-01,2.857414687803694897e-01,-1.361449091015142221e+00,-1.500753327233502077e+00
-2.371427999070375936e+00,-2.438179660447985508e-01,7.805640212558787594e-01,-9.486612220522350203e-01,-1.228717031939747573e+00,9.096690848513891980e-01,1.422467446196221119e-01,-5.454998117211631165e-02,-3.912587224327773172e-01,1.904524177760022474e-01,8.471861744496306246e-02,-6.354982864584443059e-01,-5.850508964743315055e-01,3.767547650187009212e-01,-1.134779734888944833e-02,2.285561807495839481e+00,-1.313735838925890187e+00,-2.986555074433281526e-02,-6.300485779011922860e-01,2.311996578719388573e-01,-1.226671355950419567e-01,-2.055941250610824333e-01,-1.390280435431224815e+00,-7.540603047851065499e-01,-7.075522276574294223e-01,2.835222995603813856e-01,-1.058082697081340173e+00,-5.359353897179545134e-01,-1.783621896509781646e+00,8.280807786240969026e-01,4.500947047789585764e-01,-1.310631157238459021e+00,4.080894872068824286e-01,-6.593439784238125378e-01,9.479088739732287605e-01,2.320491373250107792e+00,6.250757812518169532e-01,1.308568213107419442e+00,-9.325769459268113959e-01,7.396837595381228203e-01,8.364044999920483558e-01,7.212531792179212031e-01,-8.519466491473643988e-01,-1.640022398292209083e-01,6.081915888758655520e-01,1.965010993963366426e+00,6.462930021437629513e-01,-2.774148001052745838e-01,9.497181289850721575e-02,-8.850879726854492535e-01
1.995864197125159778e-01,1.397690657315818319e+00,1.173704885329871717e+00,-8.071009880045670881e-01,-4.662010088179684431e-01,-7.812361455541264599e-01,2.152166631377485165e-02,9.648330126331814416e-01,1.834837407596181968e+00,-1.981886403960092968e+00,4.942489557077517914e-01,-1.212762678004925210e+00,-4.333675045786708480e-01,-3.256467719941865124e-01,7.030158242329013207e-01,1.941620471317313745e+00,-9.852721212504147452e-01,-7.428568273034075187e-01,-3.841767638877434665e-01,-1.498694558802647681e+00,-4.272518640148337821e-01,-1.384802711668114750e+00,-1.367836560986294803e+00,6.402006802198578761e-01,-8.989537641068257035e-01,8.221560767950716886e-02,-1.509291177215800861e+00,4.776148935519075600e-02,2.522027098545027643e-02,-2.231611102205106889e-01,1.940335608483861884e+00,2.442099921242870675e+00,-1.112326983924450063e+00,1.421804973662529559e+00,-1.196338339636298098e+00,5.437646885165804411e-01,-7.939290308480461134e-01,-5.681950120423777673e-01,-8.397500783777530620e-01,-7.139605289575710056e-01,-4.533855490351084705e-01,3.387624495844072242e-02,-1.154980383098569430e-01,8.247177500486958523e-01,-1.002869423294227152e-01,-1.918172090521374384e+00,6.153502509111471452e-01,-2.915875397579303224e-02,-8.550193886333218307e-01,-9.780392025347744989e-01
-1.374471746436896735e+00,4.567778183751209919e-01,5.659129992819699195e-01,8.758440645865654961e-01,-9.095508163838982307e-01,9.464399859896697187e-01,-1.471333840308426399e-01,-2.834820271132100777e-01,7.767780157075683256e-01,7.596101190783318691e-01,1.131511028542327990e+00,-1.122279894205112871e+00,3.292414149353330988e-01,-1.091415245046853943e+00,1.811441211384115846e+00,4.080312539098011615e-01,7.559248050506860439e-01,-6.887321461602711192e-01,-1.681070944262373468e+00,-5.712350245071077248e-01,-2.009043337681230224e+00,8.507065719160433748e-01,-3.954742558189480173e-01,1.797892019385333384e+00,1.055516420584454274e+00,-9.862626729449999741e-02,8.811992168360438527e-02,7.408748475199509187e-01,5.581968574276524597e-01,-2.857593196586040163e-01,3.554923527360266400e-01,-1.286362999360994408e+00,-5.920943138525092131e-02,-4.285803854320952011e-01,-1.044204001777192081e+00,-2.366963519119951176e+00,8.682958666845198570e-01,-5.535507551009524185e-01,1.344536082930868126e+00,-7.501061412650746052e-02,1.401111249095484457e+00,-6.289400554071247207e-01,-5.452284774940551193e-01,3.964491221995734005e-01,-5.359956577003829326e-01,-1.538066588300996740e+00,1.282006122466127884e+00,1.151281771651571750e+00,1.096935316305256203e+00,-1.403212139811093051e+00
-1.535830551181588677e-01,-1.412018507874057416e-01,-2.724261224727737574e-01,5.219510847147143529e-02,2.886977445831303779e+00,-8.515759966944328463e-01,-5.744240640775294393e-01,3.238227142547357440e-01,-3.637257105431965787e-01,-9.878529510060746199e-01,1.402605485376129613e+00,1.174173459199312708e+00,-8.429326334480504723e-01,-1.054570433345054792e-01,1.318999648531544444e-01,3.389222854191160650e-01,5.860013861428640114e-01,-2.666543939606737634e+00,5.534267356336552979e-01,4.010470189400832108e-01,4.649290243371858034e-01,-1.029905359787690600e+00,-6.688394128152674867e-01,-1.004450058168446791e-01,7.233728888360224651e-01,9.086350862074795698e-01,4.382695820149219434e-01,9.038206249208826648e-01,-1.458674614254331092e-01,-8.326874362718876821e-01,-8.483707891803154988e-01,-5.256767322477022830e-01,-5.965989326643221791e-01,-6.251654193429433404e-01,-1.790672660694380358e+00,2.130338519336307801e-01,-7.346418435588754348e-02,-8.195007572347284830e-01,9.421030991171925884e-01,-1.007127088975085183e+00,-2.032698195540478814e+00,1.037389599909731785e+00,2.391896897769804742e+00,-9.240935827015334114e-01,-1.286108068040537344e-01,-1.718287767782902042e+00,-1.704811423727170538e+00,6.415127393957437141e-01,2.890453078322388625e-01,-4.293098412038255374e-01
-1.087788076247055979e+00,3.223832588735587312e-01,-4.172039008638460111e-01,6.685832088564567233e-01,1.239002155419810736e+00,-1.163037976665245221e+00,-6.427455998381114144e-01,5.561302290346740174e-01,-1.031266805899455186e+00,2.447093226996804594e-01,-4.913549311335672076e-01,-2.827199750978584558e-01,-6.678653125352074227e-01,6.395129282531307469e-02,1.292369154800254494e+00,3.185800022653551000e-02,-5.028661292750732370e-01,4.698071400797428354e-01,2.993388583881845255e-01,-8.951347925725062771e-01,1.086063213010822981e+00,6.759667143265229994e-02,2.456294234665509779e-01,1.354483551218172155e-01,-1.141939169254281072e+00,1.002972612656936047e+00,-2.099783135466403439e-01,7.271804249435416256e-01,-1.232463637347244401e+00,-1.753088635497279668e+00,-1.093262765368694378e+00,1.401723976481915046e-01,-3.224879619191204916e-01,8.545315272002639295e-01,-6.326314781141245680e-01,-2.113081617975117510e+00,7.018448785398232470e-01,1.686747092370472281e-02,3.653227684637815331e-01,3.809809650738295583e-01,-3.880647054693128206e-01,1.158463217552976987e+00,8.941698701497718949e-01,-2.557162537181313589e+00,-8.621895745804138977e-01,4.664134762862306438e-01,-8.002810956313773927e-01,7.778125523169033828e-01,7.162867099147126604e-01,-8.035185324311491240e-01
6.147446233737653420e-01,6.063954248074677755e-01,-1.512053992957745230e+00,1.582760499333292215e+00,-4.905778943772274442e-02,1.240708941796959230e+00,-1.319558940413051995e-01,1.505116470904174886e+00,3.329731036224076179e-01,1.364125085640637725e+00,-1.399873555800662084e+00,-1.040301442024772927e+00,-1.059188893682382115e+00,-1.928743112091633405e+00,-6.588054673521877014e-01,-5.499574592315018551e-01,-5.088034363037431396e-01,7.926712758775084078e-01,5.250747691927963867e-01,3.191731810899476468e-02,-2.635092582082002033e-01,-6.884768156108022064e-01,5.987501272999183888e-01,-1.077443737264996981e+00,1.090995975585026700e+00,1.382017429997788871e-01,8.117604690105173493e-01,-1.328757983439100787e+00,-7.734317627613678248e-01,-1.315397158455586357e+00,-2.321869279975147249e-01,9.855483537298459495e-01,-3.537659226592844153e-01,6.069892834318416641e-01,9.105077443583619035e-01,8.017561533615346070e-01,1.799259025534949985e-01,4.247247545572748750e-01,-1.255445101762824756e+00,-1.048642032963064574e+00,-3.343077913523685440e-01,-8.530851138998905014e-01,-4.482940008051788938e-01,6.504796455417478640e-01,-4.526354572494734052e-01,6.666227398681698335e-02,5.190648677189517723e-01,-1.638344635909688152e-01,1.669720237550609721e+00,1.030419117215273905e+00
-1.252331852484808383e+00,1.334660917702742200e+00,-5.068252522131810878e-01,-6.600946283083868327e-01,-8.379822771450557983e-01,-6.837347400706843548e-01,-1.109741376560068327e+00,-6.439307634096853583e-01,-1.811208915894514826e+00,-5.394236815202983759e-02,1.474659652260095877e+00,4.349430204745803330e-01,8.508331723975260941e-01,1.244645290894109468e+00,-7.106500155667598850e-01,-1.922672717811828580e-01,1.089777511371878393e+00,7.063762808045251917e-01,5.190596778614821050e-01,1.387100005147265391e-01,5.655639467006762233e-01,4.616062528241025031e-01,-4.743119944280762557e-01,6.087304575977655619e-01,2.394531098782223810e-01,-1.708606547402285347e+00,5.349893721122204182e-01,-1.884744140398033396e+00,-7.523252549566623870e-02,-9.610937562255358335e-01,1.048834126267097044e+00,-1.100400344130906483e+00,1.082264758371737079e-01,-9.246633053672502489e-02,-3.049657349876567225e-01,-4.260536713162424438e-01,2.475048407126187566e+00,-5.608797088401907827e-01,6.328608439340743796e-01,8.458957195853860078e-01,6.688748512072338614e-02,-9.759859094738550234e-02,-3.428304739123198552e-01,-1.449500978790499772e+00,-9.573960897185566088e-01,6.663678502603920251e-01,-8.170460057854216362e-01,-1.436571029258292054e+00,-1.489591548309285862e-01,-7.652329154106131126e-01
-7.782592616233738880e-01,-2.644891495285574545e-01,1.195327680671590675e+00,-6.077532948224607656e-01,-5.505703482791939746e-02,-1.540548689113199199e+00,-1.416066092482837657e+00,1.686005013593341317e+00,1.421623746206060357e+00,3.036471195412427174e-02,3.524481511514781396e+00,-7.509061777909094015e-01,-2.519651088591727817e-01,-1.957573937598471758e+00,-6.367500932530548718e-01,7.517845897912978081e-01,4.282226643356794038e-01,7.452299532970863005e-01,1.228869896906259473e+00,-1.255831420783988239e+00,1.001232155653301703e+00,-6.695669056591019297e-01,6.297299595772477554e-01,-9.115718275231253775e-01,-1.145234596850813524e+00,9.875441267815238122e-01,1.365619799474033336e+00,1.162772589253146110e-01,6.208104385692082561e-01,-1.026023887412732399e-01,1.402224916073793182e+00,2.119275673011492833e-01,7.825357525072511589e-01,-8.960410570075725278e-01,3.123422371588580604e-01,-1.582125601365670597e+00,-5.644165724861288647e-01,-6.813168085445746314e-02,1.781080735313025132e+00,1.185779107123674792e-01,-9.646140922761577974e-01,-1.012326299053877943e+00,2.049594866254810799e-01,-2.521807391447932201e+00,5.647340963449680729e-01,3.498002710993723674e-02,5.266609302772981005e-01,-1.334483175045528824e+00,-2.386411878581664592e-01,-2.000242700755585190e+00
1.489719472870280614e-01,-9.309239033452940681e-01,1.398938456730124402e-01,2.284696072738136241e+00,4.207293159401560567e-01,7.479712949339779593e-01,-6.287600299938491677e-01,-1.367103599751754883e+00,7.895528177475300002e-02,7.669710146997523736e-01,1.765709483057442020e+00,1.033165410607074453e+00,-3.395182896516426019e-01,-6.398007953178090901e-01,-6.994956892988560826e-01,5.095957148783814006e-01,1.212747651975981000e+00,-1.257160404477205340e+00,-9.994388522261117291e-01,6.879471888030327387e-01,-1.266338343048333259e+00,-2.357308094015178601e-02,1.546698803291114421e+00,1.374057329313287612e+00,-1.098717998009527963e-01,7.076564688337081410e-01,-4.339795200169784262e-01,2.448632319587226436e-01,1.891651040405214701e+00,5.170613218734823047e-01,2.225725703334801020e-01,-1.209243342802454269e+00,-6.910413691656969171e-01,8.971319687378926516e-03,-1.775775002513642065e+00,4.140529350381599860e-01,7.375080073851522089e-01,-8.426545714911941320e-02,-6.623830738932925954e-02,-2.472408686036360881e-01,2.570358749818305033e-01,-3.825317170150758228e-01,2.422358129386922021e-01,8.638323848844293718e-01,3.865944205004252510e-01,7.883860356077163623e-01,-9.241474700693003141e-01,4.834908940310045922e-01,-1.996599033805658840e-01,-1.303354901221269069e+00
-2.002201405398292555e-01,7.985635895240238147e-02,8.642456854713513881e-01,6.953390335918961940e-01,-9.860515676291351506e-01,-2.052064203765473493e+00,-2.206347230696779071e-01,-3.785868074689289209e-01,-1.315614729779297498e-01,-2.695389406696482859e-01,-8.883361699762062358e-01,-2.679199427521432586e-01,-4.419689789179130912e-01,-3.849951158096154846e-01,1.431289194457466829e-01,-9.429582999391405984e-01,5.011531965086776230e-01,-4.622638934002806232e-01,-2.503506917665959897e+00,2.156772766053813850e-01,2.264125598726042798e-01,-1.147089610702891171e+00,-1.937806681902296768e+00,-1.200726805955401932e+00,-2.407113602312280776e+00,-4.131312388159804061e-01,-4.570934850517593961e-01,4.300403805992659145e-01,9.555672324584331134e-01,5.869593882463035317e-02,-3.200604201044836561e-01,3.472198281708388512e-01,-2.221318363113895522e-01,1.899131156551186472e-01,1.334663753646540663e+00,-9.461991538659174361e-02,-2.391425744121451480e-01,4.720972179284845249e-01,-1.969013551701679576e+00,-7.985604514368158657e-01,8.427819123992853767e-02,-3.867203795730388832e-02,8.444102018297570122e-01,9.045805473593534485e-01,-2.017202508183387963e-02,-7.795604838507428358e-01,-5.652897608139035857e-01,-1.269597677887958076e+00,-3.265788343602599175e-02,-7.037074295993663853e-01
5.481408436808330453e-01,1.467800497241371183e+00,-3.123572126020170536e+00,-1.655649004998813512e+00,-1.588427499851525093e+00,-9.553249062877481323e-01,2.640392733696246830e-01,6.328156741658350626e-01,-9.274935797635205370e-01,-5.061580413545111456e-01,-2.106442392431573829e+00,-2.978018695862429399e-01,1.325904052584504500e+00,-2.930631411100382278e-01,7.477368484340874977e-01,-3.447708349777246772e-02,2.654677462318128511e-01,2.417652619584900631e+00,-4.213375028946360346e-02,1.917356071813338114e-01,1.084219947308215470e+00,-1.591192488692030338e-01,1.739051915290043882e+00,-2.302681484188879857e+00,-2.136872871523401093e-02,-8.363399323199124380e-01,-5.309052510845526651e-01,-4.015355295607566655e-01,1.525862078983513559e+00,9.115367107511327394e-01,1.002301712919244192e+00,1.035019457527116771e+00,-2.174807590760504894e+00,-1.764372950952432406e+00,1.118017420972590603e+00,9.260586479921186775e-01,5.755019664261747936e-01,-1.701938736947641306e+00,1.792126019451338870e+00,-1.224653033629495846e-01,-2.148104483960407762e+00,-5.136657697708832959e-01,-8.363210777423268905e-01,6.536573315425577846e-01,1.718016986375338062e-01,1.153783246787990491e+00,6.370236023574169515e-01,-1.807115703196298107e-01,-9.660896936562067827e-01,1.358188367613679892e+00
-2.367361416607587810e+00,2.517224249363378755e-02,2.272736106167502490e-01,1.703133872482909039e+00,-6.151790498238413063e-01,-1.281156740736019151e+00,8.279011625876712133e-01,-3.550334627489566852e+00,-8.822737722833258189e-01,1.172748377479138959e+00,-5.864483855014896996e-01,1.604841447148767752e+00,7.451883243387158462e-01,-6.731344114576032212e-01,2.536022807039979565e-02,4.625317748437663412e-01,2.420447672777553960e-01,8.731476533677868801e-01,2.482264760947257842e-01,5.298037811242107820e-01,-1.208558804421808963e+00,-1.398985904832074079e+00,1.953269408955458752e+00,1.100823944615909600e+00,-5.900432905247389170e-01,-1.012370782418923865e+00,4.939389811968263322e-01,-9.061844300469645841e-01,2.067639991662500662e-02,8.597866500270510970e-02,-3.226902766796838073e-01,-3.442688446103891464e-01,2.765856370196645986e-01,-8.770185077525128881e-01,4.585762763209929038e-01,-1.806215590135269722e-01,-9.782331053659326647e-01,-8.699952642470554220e-01,-2.205510575788654837e+00,-3.391037044086950281e-01,-8.054849957760886747e-01,-1.360485305397383243e-02,-2.675655762955532202e-01,1.032034336277848796e+00,1.690691721568230887e+00,9.059884378131599636e-01,1.180105171828618404e+00,-5.913057258231243507e-01,1.441112063417338884e+00,-1.621854888014770291e+00
-4.134805385977146086e-01,-7.865141008824001467e-01,2.932562533737868571e-01,-4.990118834924885394e-01,8.646613940063306858e-01,-1.911982088669148983e+00,1.772485461652155703e+00,1.201516776670407571e+00,2.566148493401042008e-01,1.060726806734488381e+00,1.314887651655636813e-01,-1.055426730704208449e+00,1.860249101733657096e+00,2.232463530523723927e-01,5.394167865373649118e-01,-2.174376009767669871e+00,-3.611962625238284569e-02,9.340747165567296617e-02,-5.891852836590407705e-01,-1.474011514487890140e-01,-1.984497460419503978e-01,-4.498737025625808017e-01,9.223331949185978873e-01,-1.010281934924751157e+00,2.168719560824621251e+00,-6.103593383133866235e-01,-6.400218583086484392e-01,-2.052215343788053925e+00,4.857193298853056396e-01,-4.441955734691115931e-01,-2.848333461074152861e-01,-1.559499668409047635e+00,4.854634785598490598e-01,1.125601932905804015e+00,9.346171875539830420e-01,-2.953610422305117944e-01,5.177464911275005965e-01,9.443816479984639134e-01,7.109582034845526310e-01,-1.293303927416518395e-01,7.089323292280530486e-02,-6.936761743221147025e-01,-1.362245335453208916e+00,-1.847738604667283416e-02,-9.757423960811140162e-01,-1.781789313183223533e-01,1.019726527625840262e+00,-1.141954351287402414e+00,-6.793754577303359188e-01,-4.849736599362069328e-02
-2.250352446821481944e+00,-1.649475502528944482e+00,1.882861499960012175e+00,1.192390487537629884e+00,1.173469627439248875e+00,-1.089340974046570487e+00,9.619099460157816139e-01,-9.954453070935216363e-01,-1.362942741786867806e+00,9.056938261865149498e-01,9.415964445404747529e-01,2.062447933646058273e-01,-3.865682362763522284e-01,-6.382603650923127647e-01,7.135221765266773486e-02,1.763648338223047229e+00,-1.058165461820750108e+00,-4.982950303399485970e-02,-1.038509277163813582e+00,6.849150273441563241e-01,1.731658841221702438e+00,-1.821822100000356270e+00,8.743045567944808250e-01,-1.586819880713623565e+00,-2.403129243071480570e+00,4.537457191475671170e-01,-3.085913267715120201e-01,7.689468048673810951e-01,-1.293819262999021058e+00,1.028218364914821811e-02,3.679918278964205425e-01,-1.053877766479915934e+00,-5.606640090802160747e-01,1.241229713257878675e+00,-2.152344982733462864e-01,-8.258443804211061945e-01,1.056034664189090089e+00,-7.390791071161949555e-01,1.409001342988515981e+00,1.084315748894157272e+00,3.285424128304407221e-01,-6.798329665720503900e-01,7.475629696887430287e-01,8.116974815545109634e-03,1.530811423620310752e+00,-3.405856061412859126e-01,1.619140811397613122e+00,-1.523825334019087152e-01,-2.720935521805871726e+00,-1.822076108023402696e+00
-8.484948612186484773e-01,-1.180250660408811575e-01,1.423490062537717260e-01,1.676712774039331721e+00,1.424565952986484307e-01,-1.632743725139910618e+00,-2.479827653739027582e+00,-5.129237712164408380e-01,6.100324668054402794e-02,2.568051613821976109e-01,-1.213692556232764064e+00,-6.524990848650347175e-01,-2.648863876983476029e-01,1.911400395804477292e-01,4.174918924581307866e-01,1.153681744119790409e+00,2.273560083275356636e+00,-3.550443180615636685e-01,-1.059530336043787574e-01,1.603053026408125747e+00,6.147519912823069116e-02,1.078348535779184436e+00,1.245633807343274613e-01,-1.212541555795088266e+00,-1.582555596399068676e-01,9.847082794478979606e-01,1.368265067798781320e+00,-3.697710197696447154e-01,7.157806378017810278e-01,-1.566709219419643306e-01,1.998599506150903871e+00,-1.813176010339979216e+00,6.813900906820959946e-01,-1.537637553492936515e-01,-3.926620891128190793e-01,1.812501883053128371e-01,4.909684918695481626e-01,-5.197341821559696706e-01,2.401480056088156068e-01,-2.456229573155763735e+00,1.168826299831693394e+00,8.773999184267085027e-01,-4.314446135441615260e-01,1.935265442470158304e+00,-9.396614881683924558e-01,5.000486976974678754e-02,-5.114032818799298941e-01,1.910656902217512387e-01,-1.970974213662543828e-01,-1.141834311856774198e+00
1.534692315935839657e+00,-9.067835692270025394e-01,4.544338371221727235e-01,-7.992389337043261932e-01,7.875589905773678900e-01,5.520815340679078309e-01,-3.812186329985077782e-01,8.771153631070771617e-01,1.025042105121442698e-01,-5.808019069189561401e-02,-1.486140706461650252e-01,-1.353352707423388201e+00,1.312272759334453198e+00,1.019012765113432639e+00,-4.169721241480505713e-01,1.804898930881418062e+00,-4.221696825014397692e-01,2.104829284552204860e-01,1.258896544282094521e+00,5.430652896244483330e-01,-1.085284391866628617e+00,1.785605377971522523e-01,-1.082204805225458477e+00,-2.950608386350425105e-01,-8.681602576218915013e-02,-2.237880040413838811e-01,1.741336350773902586e+00,1.457917011274183494e+00,-4.058120476180841485e-01,5.207343046260323183e-01,-1.124620801518167790e+00,-1.453374513911311894e+00,4.735882611173386492e-02,6.307571921712005203e-01,-6.050343264650993591e-01,5.012073084734032236e-01,-3.711410293633692903e-01,6.272467299784159067e-01,5.396297736926025657e-01,1.177501244601854458e+00,-7.685767094194881910e-01,-1.152347556387250727e+00,7.288168166885883315e-01,1.020749547732620277e+00,-7.818221666715610141e-01,7.691777842830052059e-01,-1.840714097862844900e+00,-2.183054320329159026e+00,-6.439045472419674399e-02,-3.073269872729795238e-01
2.341458431519327088e-01,-7.672497750445063103e-01,-2.227954365732159048e-01,8.482833105631282233e-01,-1.342691638284296607e+00,6.865176960183801969e-01,-4.467555721156411808e-02,-1.042824595295540835e+00,1.605946101121958458e+00,-2.108761004249961601e+00,4.646953205871579701e-02,-1.608392519424644562e-01,-1.266821146352403282e+00,-1.188498596644149918e+00,2.504626268294638525e-01,-1.168839091161205213e+00,-1.010154926764895267e+00,9.726750753144375317e-01,8.714716816576234537e-01,1.938196875984690148e+00,-7.086855899164098416e-01,-9.776367038450188840e-01,1.112336528126335766e+00,-1.478052041408593364e+00,1.342930443695186327e+00,1.110422397507816905e+00,-2.192020410446488266e-01,-7.984921837744654027e-01,-4.519570669049256806e-02,9.049073255819288786e-01,-1.149815567060429977e+00,-8.228516716011579080e-01,-6.220379949347395465e-01,1.383176789719792188e+00,-3.913323277975486181e-01,-5.757647158520285968e-01,2.378077643914157102e-01,7.580930235413578799e-01,-5.704815433783911871e-01,-9.848478413894327099e-01,9.237438864627240953e-01,6.800238917024941099e-01,5.781509796247782385e-01,-5.257828317774570354e-02,-5.331034515747112845e-01,7.348847399822322490e-01,-2.753428457860052081e-01,-7.539951306944362441e-01,-5.645472366353400107e-01,3.062270425278445507e-01
-8.783044655891106833e-01,9.762650906967031972e-01,1.800536779681820354e+00,-1.095546730460091461e-01,6.719488515379825611e-01,-2.875374879916633430e-01,6.763861630901010780e-02,5.897107283477454054e-01,2.506140652250908318e-01,-7.547778722305834576e-01,2.293769211515475526e+00,4.439282213001619765e-02,-2.864145148257134232e-02,1.434227571279977242e+00,4.860838056761189740e-01,-1.174327772343319420e+00,-5.336890517827066471e-01,2.410324669179616242e-01,8.216418269738997582e-01,-1.955233560732172748e-01,5.401644811618315778e-01,-6.897450797407984613e-01,-1.644295224838602021e+00,3.544040703138662818e-01,1.074234697950135820e+00,-5.993969426076285745e-02,2.245182442648336607e-01,1.322380051947584345e+00,-1.317104345908892471e+00,9.659244323504928564e-01,-4.746656726450230179e-01,-1.307477812691668628e+00,1.140842502036271133e+00,-2.270491556322383975e+00,-6.877805941204059303e-01,1.598540502751296111e-01,7.589926288854290659e-01,-4.032185957264814435e-01,-9.223292112526715325e-01,1.768481492062183413e+00,-1.110044362866521972e+00,3.127110351878667482e-01,-1.150498451887327134e+00,2.383165097411156230e-01,1.186938441540737743e-01,7.590134107509641237e-02,2.849973159899940947e-02,-4.710553129806124839e-01,1.701951843186515934e+00,-1.489790518949585918e+00
4.021406875674415349e-01,2.786582846743763664e-01,7.847914386200488535e-01,-2.037275338713854911e+00,1.570115654949277406e+00,3.946008912371259947e-01,1.013960762315630593e+00,8.392126625884357427e-01,-8.057526317859373677e-01,1.456568026206215727e+00,1.046694885444425127e+00,-1.957187830369863768e+00,8.706550310434691964e-01,-5.317465657071968749e-02,-2.022937605691830509e-01,7.424937384694414444e-01,-1.709988120121132216e+00,-1.996158168399197352e+00,5.507933191483954660e-01,8.663875421671433097e-01,-1.130280249504187207e-01,1.224835161435069653e+00,-1.505485604704561275e+00,-1.151686803160413497e+00,1.162388135571533476e-01,-3.348519761230457359e-01,-1.207399039108531857e+00,-7.062967427991717617e-01,1.771669566589458011e-02,1.314083179391623002e-01,-7.652177949943542723e-01,6.334906487900293648e-01,-3.729494574949291930e-01,-3.261661432334706512e-01,9.681392887701592564e-02,1.541970195609145278e-01,-1.281914996642140592e+00,1.220573264630770538e+00,-7.561912947929210205e-01,-3.259513680867844876e+00,-5.234236340583570124e-01,-1.479073054776811613e+00,3.054530179968297787e+00,5.509908379089262231e-01,-3.583135569387659314e-01,6.210620748134616509e-01,-3.452728237731706451e-01,9.306823453575429062e-01,1.086286997538552512e+00,2.644203945255066746e+00
1.565540881703528231e-01,-1.119445081761501148e+00,1.800877424993821974e+00,1.400780718235365319e+00,-1.062255641502387160e+00,-1.245099699812350913e+00,9.215119733268428703e-01,4.447683988249830772e-02,-1.129320427607789279e+00,-1.173543598279236599e+00,2.540996655533781734e+00,3.432409093986468207e-01,1.605675507804424695e+00,-4.656227790586724424e-01,-1.801056630222917621e+00,-1.382613171346295800e-01,-1.044086324779205821e+00,-3.375027406964910548e-01,-3.675517877133310241e-01,6.199063299108618086e-01,-1.089412818787202086e+00,-1.764174759412558746e+00,-6.207120953888114467e-01,-9.294003265864489993e-01,-1.762141153853306719e+00,6.659678175035547154e-01,1.956546809729328151e+00,2.773242413302718923e-01,-3.241335570759526497e-01,1.606576716926913395e+00,1.143358289767113789e-01,1.209332542447724368e+00,-3.444910649938349723e-01,-1.641969452522492878e-01,2.481500525966295889e-01,-8.463537909675438176e-01,-3.534900854018458993e-01,2.099095326603142908e+00,-1.267689465510043245e+00,-1.121402778202326589e+00,-7.633851653079128108e-02,-9.606471362639515954e-01,6.727490859927118261e-02,5.062976629978482856e-01,-3.974327454907761736e-01,7.719102935738675342e-01,-3.806764936795669491e-02,-6.481873316279664898e-01,-1.849898311208385770e+00,4.416704638568665908e-01
-1.692347952470355743e+00,-6.134105845778242694e-01,6.885377169289025323e-01,-8.472144856740576602e-01,2.263916467258073162e+00,-1.249022162251222534e+00,1.379300702202118423e+00,5.401661052342049407e-01,-1.128651797201927764e-01,2.332118300885468176e-01,4.546476210047007971e-01,4.520350387453908048e-01,-2.896622538691582260e-01,-8.057694423636904690e-02,1.695611131101711910e+00,7.643443928470927684e-01,-1.048361041681091343e+00,-9.768701691107642970e-01,-7.031304529536595016e-01,3.863844795589029824e-01,-1.351192830674250167e-01,4.573415470939634075e-01,2.225428413323749854e+00,2.182026702509502591e+00,1.014176380968790481e+00,-6.319717222253575795e-01,-1.786825601431153362e-02,-1.558007367810831267e+00,5.281663718310820183e-02,-5.545787364549156218e-01,2.057770434205369536e+00,-6.350513106044339828e-01,4.890700491639924929e-01,1.787948252484729439e+00,-2.133092056996841013e+00,-1.662449407281548996e+00,4.065309907909117060e-01,-3.065338314704071920e-01,2.015037868811626609e+00,-5.548296165372241795e-01,1.149084794714861496e-01,7.220597568659743448e-01,-1.215792210962711506e+00,2.928313557206344564e-01,-3.625834245720910842e-01,5.684476023677282885e-01,-1.598721659534213302e+00,-7.357269830704601388e-01,5.353529929077127658e-01,4.568010004624211556e-02
-2.651363299317276989e-01,1.664776753713319013e-01,1.320577743328045006e+00,-1.102893200732917856e-01,-1.203425634377984332e+00,3.174493400577830804e-01,-9.721370713435920630e-01,-3.266949112765237364e-04,-1.342986673032714462e+00,-3.762560954212161857e-01,1.735406950719317054e+00,9.169320606595852130e-01,9.734206583463302920e-01,-6.591722788224466667e-01,-2.962974930388210804e-01,-9.063527351239372143e-01,4.232503236545331893e-01,-1.342527040227746271e+00,-1.173113147506831266e+00,-1.888004661266844686e-01,1.264085070309532099e+00,-1.698472411138016946e+00,-5.164256192552488245e-02,3.333728817640259079e-01,-9.911148453396680935e-01,1.214733146459096691e+00,1.417399642720061248e+00,-5.702137699187224129e-01,2.831929851138147991e-01,9.349004048300639802e-01,-3.160301325731566524e-01,1.186624799264426988e+00,-3.499767849883018145e-01,1.189171680998972747e-01,-2.505774724371362394e-01,-7.482849781428364544e-01,-8.753823383666837765e-01,-1.048478497142801391e+00,4.625582718623031941e-01,7.337070097749640585e-01,-7.131811312457267960e-01,8.121917646946220648e-01,1.200551267925664911e+00,-9.993809370519031177e-01,-1.634250441890675587e+00,7.598199497423788196e-02,4.273144516127517015e-03,-1.539885664463171766e+00,-1.272820012513171228e+00,-3.260436900156143958e-01
-6.349878664532571104e-01,-6.267718630295816551e-01,-1.035427737208177712e+00,2.566391968105193322e-01,-2.111430565724645436e-01,-1.012318081325630281e+00,4.459284928102512091e-01,7.008623160147503528e-01,-2.619762836362502068e+00,-1.242385979246193983e+00,2.582975698452223412e-01,-1.356642030737372218e-01,4.081885272240092233e-01,-3.471786693015860292e-01,6.643322306822265766e-01,1.769962060955682315e+00,4.684066530705175979e-01,-3.356260663105584130e-01,3.707956116242388522e-01,-1.005964881932030819e+00,3.594094461633425830e-01,-3.520659869573056766e-01,1.798972604818997179e-01,-9.155098552389135946e-01,1.617367834730989218e+00,-1.739259980014611795e+00,-2.879132954948234180e-01,-1.144701309266265676e+00,-2.297550514790195564e+00,1.535920775553959727e-01,-3.285399619062037702e-01,1.205476026009837609e+00,-1.070603414443913159e+00,-9.227815358792348932e-02,-7.024283234713159241e-02,1.186043287493700360e+00,1.188635931038721116e+00,-1.074073318824449341e+00,1.922129101561849129e+00,-6.974812638234526574e-01,5.247375448068711812e-01,-1.483398656967457541e+00,-4.334413865891521556e-01,1.007977533816767218e-01,8.136491696058577583e-01,8.581577179661440402e-01,-1.762166443137683558e+00,3.306127282465958217e-01,8.262321265979454266e-01,-3.056621738492521501e-01
1.077844385847408715e+00,-3.962077321941974151e-01,4.415243625111703318e-01,-5.626015976417333420e-01,2.251042852756719004e+00,3.157247433322724617e-01,2.908208305400447058e-01,5.495909492500015148e-01,4.564307433021575627e-02,1.080191613813651808e+00,-3.312806940578100767e-01,-1.084888261368610607e+00,1.873666005759457368e-02,2.055018286369052039e+00,-1.382467655617420244e+00,7.245202785193204098e-02,-7.251802266065719982e-01,6.395497830328537026e-01,-1.335592569715366162e-01,-1.814323605116218707e-01,-9.451567568490325533e-01,-3.371641832078280387e-01,-1.350393203411918597e+00,-1.028741907298458047e+00,-4.588955873874229763e-01,2.527625624289454032e-01,-8.564425670294613380e-02,-6.954073326492599127e-01,1.569575384275652574e+00,4.431064890477263152e-01,9.268966970523238036e-01,-3.915658055097380186e-01,-4.170432926482919855e-01,1.831825504695036300e-01,6.380853479729740041e-01,-1.088602370889392712e-01,-8.737242437344214796e-01,-8.386517793178802638e-01,3.327812831561259288e-01,7.715298653151513308e-01,3.590258530690342287e-01,6.133944692953123556e-02,-2.705487715479652500e-01,4.494420486201172737e-01,3.708453968595803452e-01,3.629670458493681195e-01,5.765248021982609661e-01,-4.142997361033530501e-02,-1.490685649031450843e+00,1.028089090566594255e+00
1.011136609341484194e+00,6.332125415355286391e-01,2.007841625719497980e+00,6.526133239507798667e-01,-4.511060327307953033e-01,9.329106295341393906e-02,9.928725849157489236e-01,4.235476504693001520e-01,1.111587546230514922e+00,7.137364330603920837e-02,5.934610323477476634e-02,-7.679221325087410843e-01,-2.454824883555681569e-01,6.687012358033674886e-01,1.336307809059477103e-01,-1.599131339095167248e-01,5.454666433185727525e-01,-1.496133238961345313e+00,1.474078175071352574e-02,2.098901848622898580e-01,8.915526055611769918e-01,-2.928453346644190436e+00,-9.033516221518126388e-01,6.269371204275391296e-01,-2.872728213786278628e-01,1.290676867501904912e+00,1.230187795705785181e+00,-8.105198461755076522e-01,1.340887508722306887e+00,2.283125568610673839e-01,7.287164178666077907e-01,-1.855114427645383757e-01,-2.365699771387260175e-01,-3.894125216080991381e-01,3.466020143487696936e-01,-3.233270121518171947e-01,-1.367073394013525123e+00,1.483854841813247782e+00,3.228256939485558696e-01,-6.270489910420368185e-01,-1.475164183256635120e+00,-6.754823279271905678e-02,7.290431987031316119e-01,-3.290911080839715730e-01,-4.678150680082899804e-01,-1.318310300399071766e-01,-1.023983742828828092e+00,-1.098821367898020096e+00,-2.609972274046827301e-01,3.779841896146534097e-01
2.099316526359722879e+00,-3.214955122128094755e-01,9.337961255240749825e-01,3.043819804957185182e-01,-9.683677246454347465e-01,1.113957778937088694e+00,2.848358482879005837e+00,9.989382533256908892e-02,1.064872604992074479e+00,7.801478187911463635e-01,-5.866240708511677449e-01,-6.842215787992519394e-01,3.858833247581114345e-01,-1.557238386563111421e+00,-2.487872332276921838e+00,-2.236632242317810437e+00,-1.009420986771956796e+00,-5.214887451970787735e-01,-1.599882144324082267e+00,7.456818098338698075e-02,1.087948960357470463e-01,5.026015705908057699e-03,1.378450111632576025e+00,1.504221316154099042e-01,1.561016461916175935e-01,-1.556136010443539108e+00,-6.324853416512266069e-01,-5.217938919640823237e-01,-1.185609607624290129e+00,1.230261520035235590e+00,1.166889330049462714e+00,2.480214533906939800e-01,-7.190266242782639150e-01,3.274841146112945633e-01,-1.101714321722029322e+00,2.881846983744820179e-01,9.175761008435489030e-01,-1.213121747021256303e+00,-5.509087388794807749e-01,-7.999994322685316517e-01,-5.745801573595971101e-01,2.942914850193974363e+00,-1.339187539185827447e+00,2.802072354545967481e-01,4.136168878985455044e-01,1.048910381501607203e+00,1.180400429759983716e+00,-2.060732400542338860e-01,1.444608501050946403e+00,4.594580535193651394e-01
8.106720820153643370e-01,-1.534151786350012037e-01,1.685366603255327833e+00,7.907126622907986180e-01,-3.360581077561126950e-02,-1.930564877708476901e-01,4.899757828171537044e-01,-1.998554204456669814e-01,-9.093300961816526140e-01,-5.386840001488060053e-02,3.566957073284104940e-01,5.919588005381671847e-01,5.843532259406020168e-01,1.349852099578760400e+00,1.140117260236451324e+00,-1.374111862401386774e-01,3.875299708459317705e-01,1.089246984403114293e+00,1.339938672419410448e+00,1.392051577648883098e+00,-1.372996056033496615e+00,-4.644365415313636558e-01,-2.269996121355380148e-01,5.369300690108118612e-01,-8.700057411175904365e-01,-3.982046603257844430e-01,1.320204262658064565e+00,4.577063503364973973e-02,-7.042282643641158968e-01,-3.942448007666868315e-01,-9.984671753194769295e-01,-2.524316018118899496e-01,-1.786962365014843179e+00,-1.055361955621922254e+00,1.844655505060736278e+00,-2.792120200849957379e-01,1.024422990327606087e+00,1.534703457851148700e+00,-1.142355626268899194e+00,9.248369597124446173e-01,5.963203287763360061e-01,8.324141915906896338e-01,2.340478048121952703e+00,7.460707307418686929e-01,-1.501589009297746635e+00,3.318601936642637251e-01,8.898115666803561030e-01,-1.608945281887040002e+00,-1.008376575701148026e+00,2.758572519514212451e-01
1.023864086165818588e+00,1.482664133441583321e+00,8.426408308731165864e-01,-7.331789891144575577e-01,1.845989474711990652e-01,4.797628914817531065e-01,-4.262118325912764294e-01,-2.467589853375405706e+00,3.808779787190844646e-01,4.627710116199612034e-01,6.785450543508948495e-01,-3.554231330349461038e-01,1.129935790147637453e+00,-1.386201245398401838e+00,-2.211220639774439611e+00,4.653232498739083289e-01,6.145030080448848908e-01,4.090919004935992392e-02,-6.111375756306471896e-01,1.203591074822474516e+00,-1.021149324130583153e-01,5.082574571794641616e-02,-1.084415234242592091e-01,-1.946489522438824352e-02,7.364616075461700301e-03,2.037481124453750070e+00,-2.255055489423400950e+00,9.691612740208335186e-01,1.826620255438786977e-01,6.693798170703237904e-01,-2.610413180738190286e-01,3.770792888490059336e-01,1.545696210177237018e-01,-1.361070253149118114e-01,-1.065578648728302102e+00,-2.013179660726968745e+00,1.171947407619545967e+00,-5.697330057178759954e-01,6.985464058608994442e-01,-9.960955783545359932e-01,1.294859468739353536e+00,-5.251759074710464770e-01,-3.501819786370101162e-01,-9.836591316377033545e-01,-9.134660737678174103e-01,9.883688424075399714e-01,-9.983328261506890788e-02,7.131596876240617888e-01,-5.773228939921495328e-01,1.120445979171213802e+00
-3.864959714484655917e-01,2.380077478381693035e-01,-4.128669573116999780e-02,-1.545195696059807888e-01,-7.287107226250073566e-01,-4.379051748819078882e-01,-1.361183322453955791e+00,-5.624005638849117750e-01,4.751665280645558931e-01,-1.389334396472939215e+00,-1.388453887914707918e-01,5.158513439504109899e-01,-9.901500242848424449e-01,-4.521697774193981778e-01,-6.042202681803400255e-01,7.652466161669362332e-01,-8.526538221335469014e-01,-7.328267596077897572e-01,3.141917939656302394e-01,-3.439578321096388169e-01,-1.007711913390894054e+00,8.674551336645277555e-01,1.402287405906772200e-01,1.478181622094846714e+00,-4.624164499993906330e-01,8.852398075704530633e-01,3.570903959176605635e-01,-1.406885610319794866e+00,7.687229977286063054e-01,-6.703236096474310957e-01,-1.260230779394410083e+00,-2.801352900616253638e+00,7.432504333510505656e-01,4.919022450614332631e-01,-5.147014476012141682e-01,4.245217182104198961e-01,1.606697785285526175e-02,-1.836742078511820475e-01,4.976358330083012760e-01,8.573810550276275144e-01,9.195312605808276807e-01,1.003350005891204599e+00,-3.619129932468413413e-01,2.184163028814338214e-01,-1.211842850807233335e-01,-8.911591728377263877e-01,-8.237533098793865527e-01,1.166022499665211321e+00,5.443783045228753892e-01,1.383154019533686219e+00
-1.836091222287608460e+00,1.001160871303500732e+00,1.023256268192600738e+00,-7.634561696880951542e-01,3.781376205666914792e-01,-3.168164568357924038e-01,-8.214169976717445865e-01,-1.136296373077051891e+00,7.009119516197231947e-01,2.205231086617092107e-01,6.633741149449520202e-01,1.785828941561701244e+00,-1.365088851263883463e+00,-8.138898631607406342e-01,-5.553654164889396672e-01,-9.404322479400676338e-01,-5.114681240778371635e-02,5.191054308348422852e-01,1.073713599916576333e+00,8.447983918343782150e-01,8.667872119470830805e-01,6.354616361370446498e-01,-8.073223760806380600e-01,-1.001628552746662987e-01,3.996609106391651456e-01,1.413647443696685047e+00,2.097184773285813542e+00,-1.914114240146139734e+00,3.866521363490666996e-01,7.956169277666437223e-01,-1.598103827245787478e+00,3.360266017801303851e-01,-1.373018199990105437e+00,1.227461310645175108e-01,2.624455279096293281e-01,-1.311873178749564661e-02,-3.753878566523015659e-01,1.811311368061131466e+00,1.144604634731473114e-01,-4.108838065093787240e-01,1.219231111635339815e+00,-1.869248632097499252e+00,6.223408926612561398e-01,-8.194031248512593235e-01,-7.227871910164620495e-01,9.712401813344935242e-01,2.887119527154942134e+00,-3.743143924215820428e-01,-2.096806034515595663e+00,4.753718803612452248e-01
-1.062661000925956500e+00,-4.376482571782914777e-01,-7.135363627107260687e-01,1.644764415264457158e+00,-1.257505118104521369e+00,-1.125357360770086856e+00,-1.232985922105784171e+00,9.292797408078976584e-01,-3.371957782965131489e-01,-3.888185051816537285e-01,-6.160936877326764205e-02,4.355450894686685448e-01,-1.998609066865594530e-01,5.915391421989412563e-02,8.384122871077379635e-01,8.066219716770550718e-01,-1.030441959906881477e+00,6.134003508833151264e-01,1.003735488454220226e+00,8.349080041038388356e-02,-1.698403395221883272e-01,-9.563317275550786700e-01,1.445438776485045818e+00,8.848043158495725313e-01,-6.388707303450178454e-01,6.299705475806168797e-01,4.114606909920301980e-01,-1.503322178925509789e+00,5.208483659496525586e-01,-1.122621938238992811e+00,-8.537092190824556726e-01,-8.036907818652452296e-01,-1.060890370646233372e+00,-5.313710685507178066e-01,8.820506994252984567e-01,-5.841669742883588423e-01,-8.279148826434560293e-01,-4.192467134177865207e-01,1.089792168834063490e+00,-1.038459486262891529e+00,-1.288206319110657416e+00,-1.259767689126267964e-01,-1.103130959343187945e+00,-1.088024575333949584e-01,-3.899850425085031325e-01,-3.888757701212889033e-03,-1.045009316613748185e+00,1.544398948253427495e+00,3.215098982941279049e-01,-8.556676662933544453e-01
-6.423975557161019090e-01,-1.285503286704994030e+00,-4.993464326818888854e-01,1.215412241222399159e-01,-1.499115030059149367e+00,2.361560573284963827e+00,-1.788939208300452388e-01,-1.745023214621205909e+00,-4.491261812981012236e-02,-1.689251001243910366e+00,-6.167053989606494785e-02,-6.566902939091388003e-01,3.124388697714360341e-01,-4.130139295394394394e-01,-9.214186768224792434e-01,-3.276327777112922335e-01,-1.720361327219483538e+00,-6.106247074948031317e-01,3.634588602335150909e-01,-1.242501828176112433e+00,4.640173360902599131e-01,6.183318866927483004e-01,9.164937463060806033e-01,-2.141344306434832312e+00,3.137087265432652039e-01,-1.068540506812893254e+00,7.748520455745609992e-01,-1.266751719838950185e+00,-7.867870712177773562e-01,2.344617324239100853e+00,4.271448070015893550e-01,-5.602974077835415345e-01,1.451202814951304543e+00,-1.617402524115776064e-01,-5.628907230741828638e-01,5.055242238780975894e-01,-1.218301245895806684e+00,6.836401128015284767e-01,2.856691837468409378e+00,5.668096587981494849e-01,-5.130890267324164089e-01,-4.200954436075620690e-01,2.578257836966587613e-01,-5.000299872080766761e-01,-1.217757341439556829e+00,-1.929571518004073782e+00,6.563805353206801918e-01,-8.564922503641123064e-02,3.077290183118271960e-01,-3.964385747621680944e-01
-6.995738116388970917e-01,-9.821174106238584889e-01,-5.900620120209293384e-01,1.895030138521942353e+00,1.065303681334472286e+00,-1.992093510213287788e-01,5.119556814906076614e-01,4.487879244310870042e-01,3.649355054209230120e-01,-2.197369838890020910e-01,-5.314056668085334056e-01,-1.977740020885510597e-01,7.048677975846052712e-01,1.363671841563724729e-01,3.089917143462326266e-01,-2.287262670078040294e+00,8.681557712990672915e-01,-4.093600251784086930e-01,-1.000561126666191569e+00,1.244736996203396062e+00,-6.875886185812105644e-01,-1.018915996215925102e+00,4.963584999799883768e-01,-8.095999591866142042e-01,6.585372458103661009e-01,6.212751907675937435e-01,6.358906613118001649e-01,-3.000852489423220248e-01,1.042998019175228608e+00,2.571051244039013195e-01,4.054501203749453220e-01,-9.653926132105081770e-01,9.187634720788095954e-01,-1.502725153733794228e+00,-7.396213294985463094e-01,-1.171099097521099752e+00,5.958224930603531894e-02,-5.489425666014356997e-01,-3.309268079626236092e-02,1.376029703163342832e+00,1.601905155119015267e-01,-2.396066236477475964e-01,-2.276223622912719957e+00,9.539307029678472105e-01,5.340912060609145362e-01,-1.504740387451469541e+00,-1.417088367495361823e+00,-1.899449767293865943e-01,4.771086858955852494e-01,9.119385054208921371e-02
1.843519636240492643e-01,-4.795107186335869492e-02,-1.135458318068649275e+00,-6.664896446556907161e-01,-5.183242442863542632e-01,1.773904717467451875e-01,-1.286425321325159465e-01,-1.644632479822075499e+00,-1.977042545616678471e+00,6.826078660726941916e-01,1.022528909227698568e+00,-3.016354977973390583e-01,8.317343363750486773e-01,-6.053285057643615907e-01,-4.350935399223809230e-01,8.153137317319557598e-01,-1.280761890594099839e+00,-8.569841654307690237e-02,-1.497082288302837183e+00,-2.894695855550996622e-01,-5.157935805019669973e-01,-2.671851975590522899e-01,2.018606244608726341e-01,-6.907749586715609125e-01,-1.081134936817517600e+00,1.490404058381552821e-01,7.008439394106861231e-01,-7.642871950574025020e-01,-8.774495675402765871e-01,4.378710095878768360e-01,9.275066918925894965e-01,-5.987518117253323724e-02,-9.141932554313352277e-01,1.941755982294339544e+00,-4.266214575732247827e-01,3.463679711777312153e-01,-1.451838830579322392e+00,7.126751845039669409e-01,-3.586150574606344343e-01,2.560649039698602025e-01,-6.074434831393995537e-01,-1.028763393706342510e+00,1.350297293793844833e-01,3.450856671919080298e-01,8.233740965496857966e-02,-1.020716742370463143e-01,-1.363609163598021590e-01,-1.456692907479038679e+00,3.880370234155386955e-01,-9.502254508811588396e-01
-1.072524979526143118e+00,-1.190860079263936111e+00,6.540115434948581274e-01,-1.964545034640564347e-01,-8.405554996178088434e-01,-3.384547029047778599e-01,-3.382204601786593101e-01,1.243927586375774608e+00,5.640028683924909192e-01,-1.194199321036963024e+00,-1.877941938339111605e-01,1.507514111627490605e+00,-6.133437712058716906e-01,-9.320281117157780404e-01,-7.411208537366051896e-01,-1.079731914423748496e+00,4.376314467374581296e-01,1.319783203535429328e+00,2.581493624291706368e-01,-5.269301510882452577e-01,-5.291688354518363502e-01,1.027755477335958734e+00,-5.836055161443493705e-03,5.827418100486781993e-01,1.149850724567105908e+00,-4.015611563594340128e-01,2.467930844975507743e-01,3.840860912982949071e-01,-3.581335551013192231e-01,1.806177623045037484e+00,-3.167819668891745377e-01,-7.348325457943485350e-01,-1.540917398858111742e+00,-2.839344360834903935e-01,-1.235646282585122435e+00,1.313192898020725696e+00,-8.862061699306890139e-01,7.097712527414277162e-01,1.174190401099540981e+00,-1.092161170707169005e+00,-2.093770809975142200e+00,2.759771358517759232e+00,-2.458918268627932058e-01,-2.177183233205939317e+00,-1.420612833283445460e-02,-5.780845722110082852e-01,-1.155582617266482509e-01,8.226661368830195942e-01,-2.147436453126431721e-01,4.632377048554649490e-01
4.235654187834447804e-01,-8.498176085529445256e-01,-5.709053062764785080e-01,-2.504686504282467585e-02,3.615135855746369753e-01,4.015956173479108271e-01,-2.732630837632815113e-01,9.517099551911010202e-01,-1.293229675770867226e+00,6.271020477030618823e-01,8.837902813982348449e-03,-2.343946378726425306e-01,2.009345004358243092e-01,-4.426886136321967480e-01,3.520281862373941251e-01,2.053209708468870964e+00,1.235647121786500380e+00,1.097384678532693503e+00,-4.910568755187901258e-01,1.392397168390664686e-01,6.832223310343188416e-01,-1.080110778314040398e-01,1.595854874012054558e-01,-1.133294411173688232e+00,1.006061143605669894e-01,8.338576558162276164e-01,-2.893439400492327507e-01,-1.945310343274129883e+00,-3.645848826471634330e-01,3.252679489405352897e-01,-5.753595435856243695e-03,-2.126706740000896545e-01,4.877682321652686004e-01,-2.554969910745967798e+00,1.415417014198890433e+00,-1.107431334336738266e-01,-4.829382596933088911e-01,1.214292382829113559e-01,1.684944841568587037e+00,-1.099777881832178089e-01,-1.090401725559335677e-01,-3.072681967522048474e-01,1.765300448514626641e+00,-1.375014480330762456e+00,5.825406809121591589e-01,-6.871521004712244363e-01,1.995783788178863427e-02,2.187257728495883846e+00,-8.303326850669595638e-01,3.142308536078817771e-01
5.414328959882427350e-01,-1.671834416080013042e-01,-1.412905345051545636e+00,8.521803950225973479e-01,-6.543618597696427841e-01,-1.738787179671733574e+00,1.787617973995531573e+00,3.453563537581763598e-01,-7.381964411995270980e-01,-5.704309765416403222e-01,-8.561791038430530687e-01,-1.069729524253336672e+00,1.573105709793383156e+00,-9.500154532367368621e-01,-2.142266106460595232e+00,9.233055970040547900e-01,-1.158145838247607529e+00,-2.444487985717218592e+00,1.333480431185805726e+00,3.015868960814138688e-01,2.361470202537196084e+00,-4.008031230476017948e-01,3.553243920352118779e-01,1.718424517185627831e+00,1.080819513274254573e-01,7.419683913245244122e-01,-6.488146854248896256e-01,-7.806239645624741819e-01,4.390286198276762697e-01,-1.706172247161901634e+00,-4.410619497574046477e-01,-1.219125267086209607e+00,4.474795865772572268e-01,-7.604024986080939463e-01,-2.047079089075008462e-01,-4.645894342418891987e-01,1.385804735205963922e+00,-6.286787291129474209e-01,-5.310447774962613332e-01,5.219437868160364119e-02,3.557277588621625148e-03,1.200862152144794415e+00,2.262740023085325902e-01,4.154953515639016048e-01,-3.508705668922119103e-01,-1.279626342488662472e+00,3.621568736911292552e-01,-5.612028962207006311e-01,1.893884585329474568e+00,6.977523725496420637e-01
3.072544363927520172e-01,1.570540178469023829e+00,1.133206183745845363e+00,-1.285200787233198083e+00,5.044437543829017878e-01,5.045068671717796160e-01,-2.214682491515818530e+00,1.051421601717071885e-01,-5.561265960993067026e-01,1.154592527039053573e+00,5.157080881740019329e-01,1.083690971904483075e-01,1.590442742731336567e+00,-2.540966898459693368e+00,8.836915946422090329e-01,1.286118930281911821e+00,8.268878769724240518e-01,3.409982388614700710e-01,1.271513077444843320e+00,1.750952490233048664e+00,-1.328867426799787310e+00,2.473926095241712753e-01,-4.563360553625083749e-01,3.672399770670322638e-01,8.738329896567808008e-01,2.368975751435631050e-01,2.301245996181058850e-01,-1.762653610720536834e+00,6.052449197071265719e-01,1.516692804895039437e+00,-4.148495358861621352e-01,-1.169995767669556486e+00,-1.355622898895305628e+00,-9.519131470700793463e-01,5.157505671155032667e-01,1.569758879699616916e+00,-1.268546920984673643e-01,-1.676554493423438652e+00,-2.870777425074039213e-02,-1.562748373887141717e+00,7.824001430241607213e-01,-6.563800499927994192e-01,2.061635294995649570e+00,1.553357078249864923e-02,3.881566761149855549e-01,3.463719785901458459e-01,8.205623315257699613e-01,-3.811965906662155290e-01,-2.524431529109109618e-01,4.529483429160368613e-01
6.208817909068773400e-01,1.560075531897818335e+00,-1.068837426248467004e+00,-2.202631136692158598e-01,1.750764853808685295e+00,-9.058955832785801077e-01,-6.870833052288304321e-01,6.281664603594048213e-01,-1.942405326180854722e-02,3.542515045792655193e-01,-5.299912685467453866e-01,1.170460912397648157e+00,4.649397490327974447e-01,2.239389756605045800e-01,-1.129002170550236495e-01,8.421100086736652557e-01,-4.392849325597055210e-01,1.353109715804761970e-01,8.403783646101118388e-01,-3.831027800527492255e-01,2.246947458914184959e-01,-1.277661052587926394e+00,1.813297839625021002e+00,-7.849860679483635639e-01,9.952134830101000418e-01,5.379600956171194381e-01,-1.813776893866231865e-01,2.445962443849146739e-01,8.708193038634848282e-02,5.182900669201362387e-01,-9.526676928560076085e-01,7.408328753190683846e-01,-4.566178453937156934e-01,-4.517054132837362013e-01,-9.670619102724997695e-01,-2.239780804490424937e-01,-1.172312640802018330e-01,4.882109649318125411e-01,2.561953595289255814e-01,-4.062871884243143827e-01,-1.870770681987003470e-01,-4.465246958593668825e-01,7.381217918318512261e-01,-1.559087934713135226e+00,9.844292273040481378e-01,-1.040731406036621065e+00,1.987296863179814910e-01,1.366853367225298488e+00,-8.332742765263861928e-01,-1.365161603244725796e+00
-6.560487068344910133e-01,-8.570201521512669229e-01,-7.211303528870395274e-01,4.260489297172705969e-01,5.850522251402536789e-01,-7.322952728911656939e-01,-3.889569311275684060e-01,1.201271458962289929e+00,1.334803548460432143e+00,-6.737234639360456523e-01,6.329276362633157182e-01,3.777247772872491249e-02,-8.737854968055118743e-01,1.873613075657160065e+00,5.788357861442745556e-01,-7.218849609204297524e-01,-3.796434848687339075e-02,-1.218889495505512288e+00,-4.598956851000552959e-01,1.279822519577057394e+00,-4.134970610232571037e-02,-9.666532106231479071e-01,8.321373723767547803e-01,2.976521904803483207e-02,-1.581834687849745125e+00,-9.596683710808310286e-01,7.218290073779479732e-01,2.285131360770655817e+00,1.914542351669517029e+00,4.615174597569083326e-01,-9.489273558014776899e-01,-1.389700691594247584e+00,-2.379142044941451317e-01,-2.503679752153830762e+00,-3.259662219266387662e-02,-3.787227765208340813e-01,-4.301986532844135347e-01,1.360644054635241407e+00,-4.607880994245527329e-01,-1.481482257836916672e+00,-1.592644685860715281e+00,-1.054821022241759110e+00,7.035168705591868243e-02,-3.811792317026823085e-01,2.520357701774798453e+00,3.146263729907424755e-01,1.051426999993360534e+00,-9.116768855472451305e-01,-6.916315091979627905e-01,7.169756502099320361e-01
-1.136537901123188199e+00,1.376197522497837999e+00,1.155900977652168038e+00,-1.586391340263480831e+00,-1.672285977099520426e+00,6.611075945179006874e-01,-1.684425934542556735e+00,-6.130932180199922810e-01,1.594238998660278961e-01,1.463092987242340104e-01,-5.827095226985474774e-01,-6.914024813198339503e-01,-1.135103329200366218e-01,5.264146017357186798e-03,-2.502950532739794398e-01,-1.014194282254928803e+00,-1.044152901537200195e+00,3.700704483686228508e-01,-5.058230840249280380e-01,-1.769858392009104886e+00,-4.102866126076617492e-01,6.109705969221145283e-01,1.782270933723945072e-01,-6.934820410937800883e-01,8.374463575452963937e-01,-4.420446988361655394e-01,8.899024702091437589e-02,9.497848738491818099e-02,-9.166800123945387235e-02,-1.917856949268172961e-01,-2.532759515731530450e-02,8.655006495331057925e-01,-2.156246241423839027e+00,1.269691046190517536e+00,-3.844322209079162334e-01,-4.011307133886461984e-01,1.465712677890650628e+00,5.403603859897860850e-01,1.672972599740553401e-02,-1.695825980265683208e+00,-1.222570795119366727e+00,3.496413758381721193e-01,-5.180965351750396186e-01,6.209824464741646732e-01,-1.628419802210842871e-01,-6.054171594308332960e-01,-8.171972257443768650e-02,-1.614573590460263830e+00,5.794152333820196121e-01,8.564620101893499760e-02
-6.290977433207328717e-01,1.249510402299923495e+00,1.653708865818105167e+00,9.974596378499788196e-01,-1.020076470044931072e-01,-5.924004722072562235e-01,-3.688285792616222136e-01,-7.065765196644083201e-02,6.011719651326075109e-01,1.634556376788367238e-01,9.036871496020024708e-01,-9.497686632487329916e-01,1.184161238979406949e+00,-1.103786019901039223e-01,8.320439784014098672e-01,-5.058941123753357694e-01,7.590508267306550483e-01,-1.083257837938369939e+00,4.729761367627430269e-01,-1.862812227718421976e-01,-4.968103345763489886e-01,-1.658660829228056702e-02,8.774626248097290304e-01,-6.271903245991092835e-01,1.448023141811978221e+00,1.334489439298935265e+00,-1.016653727707524713e+00,7.442931438016006096e-01,-4.665898658123737719e-02,-9.649019859538793265e-01,-1.310424639814545822e+00,-2.159511424685449099e-01,1.371662661627439217e+00,1.134888878394092249e+00,4.387555073038394982e-01,1.034018108165377869e+00,-1.801738650025144883e+00,2.350732862200276552e-01,1.049729949400852042e-01,1.885520806290527929e-01,-7.748488119199695712e-01,-5.891685848623473554e-01,6.457670943400976027e-01,-8.904324444587277121e-01,3.118605330457755453e-01,-2.629257970111519294e-01,-6.664968241758685297e-01,1.596997246015158911e+00,7.835954153697081148e-01,-1.469495707465387213e-01
-1.694692593461555097e+00,1.635382625983744509e+00,-7.828388607285931000e-01,-6.416575731308820085e-01,-3.069265198251551197e-01,9.342719416039685365e-02,2.435409788973705025e-01,1.702028558397655211e-01,-1.220939291541540905e+00,-1.152358499625607102e+00,-3.828840969190723531e-02,-1.197196420820079328e-02,3.012303630051869074e+00,2.955296683211162900e+00,1.573339795310118028e+00,-3.818830926208888199e-01,-8.709927342219360158e-01,-5.498068089612834219e-01,-3.008025086828763350e-01,8.649329485753055879e-02,2.604625851443252427e-01,5.937797908164724747e-01,1.184646003824496807e+00,1.935841634145641921e+00,-7.005292444496256099e-01,-9.196539899238377613e-02,9.175322101222509463e-01,2.406073304439288463e-01,8.057168771007405805e-01,-4.930311225664272823e-01,-8.942470516448868256e-01,8.191759494680900255e-01,-2.597499386649775310e-01,6.902549226327823195e-01,-8.982624454364618316e-01,3.643201746428587073e-01,-1.501134671101592266e+00,4.916577717003843273e-01,-1.026667585436933372e+00,1.903798521200467664e-01,8.543750585691511912e-01,-4.792181412359486914e-01,5.011718518423741164e-01,7.570420332250678008e-01,1.857157222060243085e-01,4.128795609793779048e-03,-1.462260959831812368e+00,-6.088341906815156745e-01,-4.111458395352917683e-01,-1.447073825909854561e+00
6.365262933370529064e-01,1.022710422456663659e+00,-9.304627383717536393e-01,1.385052082019905262e+00,8.812358375235878061e-01,-5.133785423387502433e-01,4.198789853037173669e-01,2.671682045586656895e-01,-9.171555768474688453e-01,-4.611847138795875933e-01,7.649808582240464894e-01,-8.770102751044488165e-02,9.214625932113615914e-01,1.112283791237460573e+00,1.097112836034281891e+00,2.914291730683199466e-01,2.206352748494576077e-01,5.931367559772894593e-02,3.713269947017676653e-01,3.865855712403927780e-01,-8.900072508119339920e-01,3.582892198768203862e-01,6.033392152603421765e-01,-1.109639138598377039e+00,4.139124875466874687e-01,8.247120247361000578e-01,-8.238981776146444558e-01,-4.999729877108309573e-02,-2.261300689399811659e-01,1.522420398423064647e+00,-7.239423107497010290e-02,-4.966654238371287153e-03,7.123362065680586275e-01,-1.226773869540734863e+00,-2.310787531791240745e+00,-1.935747542944376287e-01,-2.033200833429677168e+00,7.550879707213073444e-02,-4.218681990991514641e-01,3.261990179073458868e-02,-2.804820535495389233e-01,-3.878700465340265136e-01,8.348674127072410744e-01,-6.012717307823324253e-01,-8.122592060509579159e-01,-3.751332634348019668e-01,3.375025443492335464e-01,-1.621989121401541667e-01,-1.433878788944390026e+00,1.536962077956885775e+00
1.204308906936585766e+00,-2.108066172057182275e+00,-6.159574226657297258e-01,-2.382126279298609761e-01,2.207352248938035111e-01,1.079263160956146939e+00,-1.383054445241409802e-01,2.869475464274062748e-01,2.863806045058314154e-01,8.404122268873341906e-01,7.443674772917776572e-01,-3.472785917691395552e-01,-7.402801218399716054e-01,8.979082597631656837e-01,-9.827762719748357467e-01,-1.869678991412533353e+00,8.463773395492425466e-01,-1.996995148490212646e-01,5.509724673285963936e-01,1.771883690978893533e+00,-2.133795427743197248e-01,2.495855838892777415e-02,-5.487357016481539951e-01,-7.057188002472064570e-01,1.351503247669838981e+00,1.455885771892404756e+00,-3.035384239688893593e-01,1.353933552190292655e+00,1.166655327931535480e+00,-6.557767808410946975e-01,1.055551998922568679e-01,2.881680395008773821e-01,2.097112054249802293e-01,-1.320365891356342303e+00,-5.474488920854480023e-01,9.044915919488289990e-01,1.025146383677973283e+00,-1.014594117369742809e+00,-1.216567619331698547e+00,-5.779884711877580905e-01,3.735805458992376427e-02,6.660907361825449957e-01,-1.238942302526806927e+00,-7.954719786434026885e-01,-2.602398985806444465e-01,-1.809570555248312784e+00,-5.335275278429878892e-02,-5.558604699311464614e-01,-1.296937642945359404e+00,-1.972939116439150972e-02
-4.758072325251975765e-01,-1.236795805535445103e+00,-2.185874009751554770e+00,-3.539184297244644117e-01,6.281303027968432318e-02,-8.642007544772049021e-01,9.799751911775861357e-01,-1.064006748543348396e-01,-1.052007234360856636e+00,1.652585751502995415e-01,-1.312942573789340095e+00,-1.350543626556877652e-01,1.889751965096511999e+00,-1.092507811375388882e-01,-3.899265572673491498e-01,-9.187825131484708141e-01,-2.306770679789887257e+00,-3.348176759629017951e-01,-4.745322713906808265e-01,-9.242291448603929815e-01,3.642943223662809427e+00,1.827436462929813876e+00,-2.066610570497701804e+00,-2.392068627307251949e-01,-1.707717204409765488e+00,2.934448288389564508e-01,-4.576152561952326892e-01,-1.501661238822348254e+00,6.507793706872356809e-01,-6.995559891386019524e-01,-5.659926598009550336e-01,-1.818617569579715765e-01,1.198662694374812210e+00,1.144697508776319150e+00,2.745649837172731811e+00,-1.271290816387174116e+00,-5.858218885647735741e-01,1.133074749151116611e+00,-8.451010313953663533e-02,-1.497266995325900796e+00,3.850822868693659640e-01,1.239255148502512505e+00,1.494417572934238381e+00,-2.794320066368951583e-01,-1.121222884253574525e+00,-6.479443551718883088e-01,-1.002913678302618683e+00,4.282623814812877572e-01,8.880677008695008201e-01,2.878962700397748264e+00
1.410533535132145522e+00,-3.389780438580416444e-01,1.610946294802878542e+00,-1.640065919373793646e+00,1.331793897793895898e-01,8.924000517259672582e-01,1.259759846460692501e+00,8.669879093989169005e-01,1.955546396568357714e+00,4.254903482064575915e-01,-1.973526479506616305e+00,-1.253914461622109178e+00,-3.169913201427801974e-01,-8.402045330086392871e-01,-3.981202407968993939e-01,3.906732700891484278e-01,3.103870388183649909e-01,1.236579509137811783e-01,3.059875251661838824e-01,-9.596859179310319732e-01,1.738186107733552310e+00,5.822980371525159349e-01,1.386647576314160135e+00,-4.967540708326487892e-02,-2.901611550703512843e-01,7.202895387509222758e-01,-3.391188807070587008e-01,2.669822571785423482e-01,-9.097838656617291964e-01,-4.802443709747638567e-01,1.898376582504815557e+00,-9.232458284211296773e-01,-3.549457151175368641e-01,-1.394181376234240703e-02,7.406099922881040909e-01,1.306131421145043658e+00,-7.833878887764942345e-01,4.077334893562944984e-02,7.107385457557434671e-01,5.095126034461955333e-01,-2.777151468981837179e-01,1.141953200735758456e+00,-1.291563378414377405e+00,1.856324378013638032e+00,-3.933885168312501457e-01,3.437504598314543025e-01,9.866516965089408009e-01,1.081109272287617884e+00,2.280307605513078317e-01,2.904810806816741642e-01
6.557618279175473353e-01,-1.011485484930940260e+00,2.870138437311215429e-01,-4.363822164499343015e-01,-1.348873161132585263e+00,3.594287354347783237e-01,-2.962310225688084553e-01,1.896447397531994206e+00,-7.819701825980861498e-01,-8.308222349784224470e-01,4.421909217225563071e-01,-1.749186272614534188e+00,-1.259086809361584125e+00,-1.163050944891075966e+00,-1.406653491746759355e-01,6.049569461216073307e-01,4.266274105272166439e-01,-1.148131189430882521e-01,1.354737271283077860e+00,-1.219453712363952169e+00,-5.117201669197780217e-02,-4.101035701716859161e-01,4.658966225483809342e-01,3.448803371318679978e-01,2.170079178997212477e+00,-3.271617729000134145e-01,-1.517812829750156967e-01,-1.040415560458005872e+00,6.583504547594933864e-01,2.470594309293744628e-01,1.027211635348089791e+00,-1.542747651954572141e-01,-1.341908140046778275e+00,-2.364510873605458474e-01,-5.252118296365893002e-01,1.688329497994459860e+00,-2.035756481081225089e-01,4.326532597164776672e-01,2.071295907955041038e+00,9.892146959650859050e-02,1.555555134929407446e+00,-1.475293561620372396e+00,2.585550198406768807e+00,5.187519092416746636e-02,6.006778590877245305e-01,-7.366384124295109054e-03,3.572114805329392739e-01,4.024198467380673758e-03,-2.022556868265430463e+00,6.873403536977320538e-01
-1.262421480543446384e+00,-2.936522644263787202e-02,-4.737862098780405429e-01,-1.295508909099714334e-01,8.406791453513914325e-01,-7.224288981733674175e-01,1.295980685325270887e+00,-2.366989360568716796e-02,-8.034863661543864555e-02,5.853802071683653629e-01,9.948098960451819961e-01,4.628524255795367359e-02,-3.793115233079146220e-01,-5.469641993789599033e-01,1.007092734224699582e+00,2.230712856993841697e+00,7.447912180358351453e-01,6.811936591299073696e-01,6.175662275263442413e-02,4.286546771156377611e-01,1.830106778207982066e+00,5.333948610238510302e-01,6.649745023629125562e-01,2.572580365369617761e-01,-8.219339772035750835e-01,3.948378613602223502e-02,1.219797448043416610e+00,-4.196940566123461003e-01,-1.113276217963754255e-01,1.555486992662704404e+00,1.346845632246355562e+00,-1.701373857176566862e+00,-6.739359007988157124e-01,1.061857139835197250e+00,4.531639677671542854e-01,-6.619052966629399015e-02,1.549416185185633343e-01,4.324311902272382629e-03,3.609906445798491958e-01,4.941535958569576170e-01,1.168663085275545299e+00,8.307683132866896525e-01,-1.267394312924014832e+00,2.639602331203664942e+00,3.671548151299768858e-01,-5.823392874630931582e-01,8.900991918632671362e-01,4.102470064251872994e-01,2.564936044296645679e-01,-1.073276563026730246e+00
2.063686400923256503e+00,9.761783033213992100e-01,5.037231027437338859e-01,1.329277543506049986e-01,1.072331874276206687e+00,-1.817321095167305334e+00,1.237387478582330003e+00,4.072360849756094803e-01,7.421056259287800438e-02,2.887435660626316847e-01,-7.256843280495922643e-01,-1.202512435362215193e+00,3.670275015422613252e-01,-1.575092521822008429e+00,-3.046743832852135125e-01,8.522940102186340461e-01,6.598726592331096708e-01,-2.264744553982244835e+00,4.649195026998142466e-01,-9.908247471577004140e-01,1.670288392716287484e+00,-1.259927633886221088e+00,2.104738716790895303e+00,5.853537009875410257e-01,3.332216731752513650e-01,5.479630067207470479e-01,-1.054341638971665107e+00,-1.169722968025545401e-01,1.874891012924241318e+00,1.440174370813079030e-01,1.582684441108708873e+00,1.198348317083198777e+00,8.072475232455839089e-01,1.123943885493935202e+00,7.290253999335841173e-02,-1.324548954370291076e+00,-1.107627070069380881e+00,5.042240504402899504e-01,5.422748590320670692e-01,-1.759160945564079759e+00,-1.329022493965565710e+00,7.824988723106256483e-01,1.087488808313435307e+00,1.221290846106051875e+00,1.543004431018568434e+00,-9.487896248790059772e-01,9.568977521831264488e-01,-9.751333676324560606e-01,-1.138715495938413591e+00,1.827126234894632661e-01
9.608240147262013808e-01,1.904421943417557994e+00,1.812013009058041746e+00,1.012854063466656213e-01,-3.489553657806781506e-01,-1.531868515275280007e+00,-3.909775387844892092e-01,-1.669793904513728444e+00,-3.847466029487940919e-01,-5.291874677930947790e-01,-1.056383595591084690e-01,-1.299190177999044238e+00,1.539759688284824124e+00,9.820779632007035076e-01,9.500796903743614630e-01,-6.830683732676101627e-01,1.356254162805078156e+00,1.625363255040446653e+00,8.142205771132977610e-01,1.436025206650330288e+00,5.999426248553224594e-01,3.727895720720196260e-01,2.111209411802468683e+00,-1.240949051385305646e+00,-7.366260478502313358e-01,8.070483458229786855e-01,-1.483044953601835081e+00,2.144277954303213996e+00,-2.395231286573200613e-01,-3.952694265432933340e-01,1.626307001579157807e-01,6.003379125035404051e-01,9.831969286972586097e-01,1.557871599247985239e+00,9.009966499956454378e-01,-2.255808086812437496e-01,1.333170789062758432e+00,-6.169410237313719403e-01,-2.241464326374619009e+00,2.209950486915527035e-01,-8.267204017357907553e-01,-4.244039523204112263e-01,1.208013838840909404e+00,-1.571005457300347796e+00,-5.078718573264204839e-01,-1.150874674930432606e+00,-2.918796592275506585e-01,5.693122400069789979e-01,-1.669649995143850152e+00,-3.024538915440376230e-01
5.340748959723422562e-01,2.964678508376433763e-01,1.609687418166315734e-02,-8.218342587928348930e-01,1.366951260867447449e+00,-8.583711480340102673e-01,-1.673488308241146139e-01,1.196799302859905101e+00,-1.011193648815911228e+00,-8.557401945979452584e-01,1.593608415784073251e-01,7.559547511273033704e-01,4.193022321598913749e-01,1.149139058789715895e+00,-7.304394610946168820e-01,-4.859538410593843838e-01,2.605391715964512911e-01,-1.016723939297361712e+00,-2.105874787025881767e-01,-2.266677728170909956e-01,1.720373486413092901e-01,-2.372411633654726959e+00,-3.814893943413866229e-01,-8.065817415278926372e-01,8.994487555632221798e-02,-3.213458463593713565e-01,1.572786964852269653e+00,-8.084113658612170905e-01,-9.127632639441544127e-01,-6.733393980602664364e-01,7.491887685364386762e-01,1.118011415753182192e+00,1.430608809100091472e+00,7.927369626317861684e-01,1.050502323013513095e+00,6.479765621731097269e-01,-9.004702902443306733e-01,1.269485826417824370e+00,-1.371436028907968563e-01,1.418015771775162692e+00,-6.219384997360970502e-01,-6.939924557598474708e-01,1.641089398144754519e+00,-9.703511995938098877e-01,-2.562042621050012459e-01,-3.020990791080624405e-01,-3.948804654109337453e-01,7.120379523995694626e-01,-6.599064731997416056e-01,1.412081509241896571e+00
-1.227469590764259655e+00,8.624269599796363650e-01,1.377174264396866743e+00,-1.802536914375279187e+00,5.701326105159796320e-01,-3.322586608668420816e-01,-3.475291223563246046e-01,1.840856723754663582e+00,-2.579869887312552512e-01,1.453344851105881963e+00,-3.714219879901368704e-01,-9.094781421306725733e-01,-8.299211623368309976e-01,5.996150785059720656e-01,2.381547695692761923e+00,-1.069208604177384059e+00,-4.548881923102026659e-01,-6.107978797976783003e-01,-7.620037415257646662e-01,1.002030012054273972e-01,-7.517787753515928761e-01,3.620227606276157362e-01,1.803475442461682121e+00,-7.977538199432349098e-02,3.335548351019424484e-01,2.117999313493244884e+00,-8.064455981527658412e-01,3.771391685756401158e-01,4.202242217810850389e-01,3.741321461467452814e-01,-8.291599374947674628e-01,-8.698407184237468837e-01,-3.982837732418185173e-01,-9.659242118116104781e-01,-4.442789276431751144e-01,3.983084174948064993e-01,-7.779255956291648566e-01,1.123185361670107907e-01,5.289718010051714936e-01,7.401001849387511822e-01,-1.176887345109725258e+00,6.406039865409590695e-01,2.370567194606787886e+00,3.550834465563661446e-01,1.075998951846968366e+00,-2.120257233607740321e+00,7.957148626895661492e-01,-1.798469272183278456e-01,-1.801092857604455755e-01,1.674705227720959755e+00
9.927866258914080921e-01,1.089317841754472216e+00,5.808283733107547642e-01,7.065242180723049215e-01,4.053498570880083585e-01,-1.118572370086706957e+00,-6.417617383675725540e-01,-1.013872386375889612e+00,1.703945542762790089e+00,1.443797299978077653e-01,1.742176923942444278e+00,1.106751133642919438e+00,-5.626066857569510526e-01,-2.976969024649876450e-01,2.625724631248796404e-01,-7.675321466169394702e-01,-3.240352175528945500e-01,-1.596184188594448106e+00,2.273893558069355336e-01,6.137687403265272845e-01,-8.231885809704362345e-01,-5.245344619670200270e-01,-1.668810865774323027e+00,-4.575491164678085476e-01,9.671721707488005748e-01,5.974421609368576469e-01,1.262283135245116039e+00,-6.386212724286666198e-01,-6.513832369804198885e-01,1.188580710119159001e+00,-3.387336856316814498e-02,5.722681527085846653e-01,3.829179825618412303e-01,1.380969135579417917e-01,-2.109529954880999814e-01,-4.196527128575399668e-01,-5.487320824647509143e-01,2.967824662417187231e-01,1.577935321241869193e+00,8.495772023449449373e-01,-2.293566149145139565e+00,5.394738214574614776e-01,-5.400400342925133490e-01,1.294632676983964170e-01,-1.473113683977472776e-01,1.735647722100529255e-01,3.018536322801619320e-01,1.738961244367856207e-01,-7.057445058226102796e-02,-1.101876396621224163e+00
-2.474775790175957058e-01,7.654184807390488343e-01,-1.478911473077096535e-02,-1.425683541738918869e+00,-3.980041368466812335e-01,-3.757669374734579626e-01,4.505496111889070177e-01,-2.217545951720159003e+00,7.436405819602852629e-01,-3.569691485410538268e-01,1.372151276621052851e+00,5.067831939520520690e-01,3.494951290656821419e-01,1.539340265709633962e-02,6.168225875937070890e-02,-8.132968539232408034e-01,5.191510349812080705e-01,-5.129294529275706394e-01,-2.176874038186753069e+00,-8.202185316988919173e-02,1.697172356070893451e-01,-7.638774863460728870e-01,-9.571631112957815768e-01,-6.734526612924320865e-01,-5.592121739984270978e-02,-3.372604763179748999e-01,2.063447443601087727e-01,1.970744867717626914e+00,1.074756463980176990e+00,2.204435443200885858e-01,-9.501808510349732950e-01,-3.411676819916381054e-01,8.782974975037166621e-01,-6.251701813291182797e-01,2.516707177244592586e-01,-4.692272671771567927e-01,2.539947793269939358e-01,4.453078735500744512e-01,-3.622937934798192150e-01,-1.191200966278613133e-01,1.021061891565582247e+00,1.115458838239331146e-01,-5.127983644144483710e-01,1.372241816833342121e+00,1.719059220776131269e-01,-7.148699315067755244e-02,-4.149332550006903375e-01,1.027847733184908519e+00,9.871142986391225893e-01,1.380293261261823057e+00
1.275358655739625258e+00,1.200012451183092299e+00,-1.497349111177739944e+00,-2.028192147500991194e+00,-1.000729542525119697e+00,1.754708398512252021e+00,-1.581672273417592756e+00,-5.039927920366065184e-01,-2.013572673451307082e-01,-3.089360221848616583e-01,1.701413689059963819e+00,-1.718960596044326328e-01,-2.405013695588748224e+00,1.109600988803168820e-01,-7.409048541872247373e-01,7.425804261220645408e-01,2.131326497298565936e+00,-1.053593607049238656e+00,3.036774090791353742e-01,4.750373480537236071e-01,-1.639425086708376389e+00,5.864460743167706491e-01,-3.081404333364493597e-01,3.167839804691972017e-01,3.779893897297622596e-01,-6.017149521182738603e-01,5.803308433284315448e-01,-2.985884293527485411e-01,-4.431629126543738528e-01,-4.437343896968043433e-01,-7.570279832189540370e-01,-3.468153741311712501e-01,3.446195499031464160e-01,1.228116150422175590e+00,3.870070498198161513e-01,-1.840473647633100063e+00,-1.470100414829735636e+00,1.394613419402481735e-01,-8.094132380230656398e-01,1.574138143773292198e+00,4.132109408898682057e-01,-2.118084920347182987e+00,4.842444317636095397e-01,1.167453180615321218e+00,-1.794156668734659510e+00,-1.103758649194800157e+00,-4.281876734339301049e-01,4.185881449387682807e-01,4.898872080649018801e-01,-1.880484258900946282e+00
-6.857577763133008153e-01,4.204275907500821807e-01,3.132219256040639888e+00,-8.391481433012015767e-01,-1.806895884313437950e+00,-7.572129836238493672e-01,-6.671477933317949693e-01,8.871550063567054667e-02,5.116884487884292287e-01,2.381880038700294466e-01,1.297102273514546544e-01,-9.637664892049510046e-01,-1.512543107264205933e+00,-8.193573678333311294e-01,1.032674902676524731e+00,9.028510841934886955e-01,-2.908765604770171542e-01,2.300120104807111890e-02,1.686137295454860352e+00,4.732516719819119255e-01,-7.299538640831917391e-01,-5.207685405657380001e-02,8.658460863649845018e-01,-4.747261685441429568e-01,-1.485611354064054479e-01,-4.188058906267661669e-02,1.115014094059233463e+00,-2.689810319888603085e-01,1.535569553655090402e+00,-2.148407326028092701e+00,-3.445757149424619747e-01,-3.517388089495918080e-01,-1.245792602825467110e+00,-1.555499687068838677e+00,8.142736851425310673e-01,5.240978743210843449e-01,5.434675131955568617e-01,-1.872011953430761322e+00,7.070888818837487433e-01,-4.913179330271950640e-01,-1.168940006402346521e+00,-7.477054130307524415e-01,6.811368030756187464e-02,-6.600146282013237276e-01,1.575939837781898389e-01,6.765083145456772806e-01,-5.055148140098749687e-01,3.686095498336248721e-01,1.542695323641786187e-01,2.160769397326017249e-01
-4.048658707588319028e-01,9.090215689185028314e-01,6.795183214249626014e-01,3.700128601498946512e-01,-2.686841614874849737e-01,-5.227708680031220023e-01,5.690647273272659845e-01,-2.722117189770215662e-01,-4.166062302582755617e-02,2.254372106141915577e-01,-1.327426197202929314e+00,-8.094677026097426564e-01,2.506891793909270527e-01,3.353435383449396845e-01,5.433227919195654509e-01,4.966522662788617204e-01,-1.154247243269758805e+00,1.197886418423513399e+00,1.562981989585647158e+00,3.053667577124439259e-01,-2.103947624448950560e+00,1.449361759368736458e+00,-1.539109588432754139e+00,7.335031321740981269e-01,-1.981997767824819623e-02,-1.917288290275978302e-01,7.389070567816866109e-02,-1.462493648682442027e+00,9.803784261411901957e-01,1.853841857729799925e+00,-8.114280750927955754e-01,-6.105917656679266114e-01,5.722801307383124092e-01,-7.345411126000679636e-02,7.689312165096370277e-01,3.857938728770859416e-01,-4.484872251521564990e-01,-9.141138186253167097e-01,-9.084816905898367434e-01,1.874996419808210857e-01,1.424723768069041108e-01,9.806742193627586701e-01,6.520093076510413699e-01,1.615442096563887375e+00,7.567339032562339085e-01,4.958239194686948625e-01,-7.421732866275610602e-03,-1.875219330063719603e-01,2.036334534454167677e+00,1.201542988999924726e-02
8.993903952125932300e-01,-9.956258988442291402e-01,-6.574954391720504443e-01,-1.519534435997341726e-01,6.334236291942232366e-01,1.834933066637933097e+00,-1.175429983795700656e-01,3.378907960517846254e-01,-4.228593469360809043e-01,3.630353258528086768e-01,8.767236252715213674e-01,1.178856400652615433e+00,-5.558164586673165486e-01,-1.380074347301720183e-01,-1.177834151277701080e+00,1.062735175583378711e+00,-1.537364607432497809e+00,-1.221397536396907180e+00,3.898832504637635143e-02,-5.764900209606200754e-01,-5.419057902754109701e-01,3.903100045173434340e-01,-3.791866100395799299e-01,-2.930096545434157651e-01,-7.576473509794432459e-01,-4.752687047518894259e-02,-1.593538121563296217e+00,9.023268281608289865e-01,4.536577963845857542e-01,-1.354903377618125626e+00,-5.810963331325292858e-01,2.411867982992544679e+00,-1.545399009648065203e+00,2.986363971172441012e-01,-6.472341343470195962e-01,-2.243344286924926767e-02,4.585489837282708536e-01,-1.547809658756976514e+00,-6.672119893848402761e-01,4.374610080323650396e-01,-1.351545780349922232e+00,1.225705538014468354e+00,-3.107233501192388503e-01,9.417789732187795693e-01,-1.169529642365203070e+00,1.282290148561628929e+00,-2.228252336694885316e-01,3.747608997795176533e-01,5.808524442475559990e-01,-7.509045667258297252e-01
1.096110800245307271e+00,2.024971342689524167e+00,2.852129257815513297e-01,-8.468218969122566220e-01,1.476265759427561608e-01,1.418479571604875922e-01,-1.912579298637253900e-01,-1.470552348409694121e-01,4.718664281036486496e-01,7.570802533836418213e-02,1.779986859846244940e+00,7.775800645499061359e-01,-8.616706725130879319e-01,4.576707607964113911e-01,3.413042960684040117e-01,5.315954848506919683e-01,1.453955854362898092e+00,9.618916357100096293e-02,-8.754529303993646705e-01,5.242661718624579831e-02,-5.735200480252503619e-01,1.313086969032377649e+00,-1.966792200057487228e-01,7.503656792743116366e-01,3.710657341548816990e-01,-1.666440543261610063e+00,-1.160223334037700921e-01,1.618278351727999276e+00,-1.443226785000401198e-02,-6.705315803025786447e-01,1.272276818520939323e-01,-1.241661320292436033e+00,-7.452729252943186555e-01,-2.680118802767596509e-01,-1.621691167679747192e+00,6.363609552936623226e-01,-7.262276264999486530e-01,-5.540051469880475921e-01,4.642863619541469089e-01,2.176957551999155083e+00,-1.088721174165730998e+00,3.887735242740802954e-01,-1.531640700232224983e+00,-1.476028763396006749e+00,-8.192317939560199436e-02,-1.226271821030544773e+00,9.293470673130312942e-01,1.486893554257655015e-01,7.287241338904837384e-01,-6.624549514887960733e-01
-5.699125735016252747e-01,2.398798716038343048e+00,1.562930173738435569e+00,4.832237965876940433e-01,6.446565449077896748e-01,2.069044250418828612e-01,-2.502266416358902013e-01,-1.301742230758428764e+00,9.317306077185117941e-01,-1.583577969522459217e+00,1.649454612582060831e+00,-7.562859792409074577e-01,-3.377411261717899182e-01,8.304609972474630286e-01,1.267609926059838577e+00,-3.823636320497442731e-01,3.361734055140363497e-01,-6.752657846791720875e-01,-1.429760106074169590e+00,-4.601025802189520619e-01,-1.200644975678000909e-01,-9.390670818110600226e-01,-9.609505177609538595e-01,1.069328046793047576e-01,-6.324533663723981292e-01,-9.658233496017465392e-02,9.954984500684336060e-03,-6.732655886047630434e-01,3.113730877008263231e+00,-3.000266018945635382e-01,-8.808801657373103167e-01,5.195203016753907610e-01,-1.040066479845639824e+00,-1.369987820667670497e-01,-1.025867149255552113e-01,1.802682079371593360e-01,-6.568904547555887152e-02,-8.981755440500273080e-01,-6.796629910473570568e-01,-4.256719311362614500e-01,-5.328379075144347166e-01,2.853370973567657121e-01,5.203828059304784759e-01,-2.874156653167009995e-02,4.798618667057357179e-01,2.620867098281821628e-01,-9.879322221372572876e-01,-6.160614554334968573e-02,-4.096673298889836889e-01,-1.404893263505941015e+00
-7.756825362310417749e-01,-4.028044924220033352e-01,-1.505238425398490953e+00,9.299799965249664346e-01,1.416002210563164498e-01,8.982109102758639718e-01,1.076896733548326157e+00,2.391605181187477502e-01,-1.362886847141351332e+00,5.625905081464805946e-01,-1.438720071337904471e+00,-2.624418187439102601e-01,-2.559968403685194405e-01,-8.893673449686370081e-01,1.391756882554356700e+00,9.797083677747734365e-01,-1.528920840030987494e+00,6.524760518106460516e-01,8.367072643341545435e-01,1.495011992205882878e+00,2.921393719370370470e-02,-1.404298027545489935e+00,1.819822191359310892e+00,3.528901097691903299e-01,3.243449192877324028e-01,-1.546553562673506521e+00,-2.023913740156568497e-01,4.700112089206670007e-01,2.303542091674803505e+00,-1.360039646607352104e+00,-6.646680953330577069e-01,1.611284897809808492e-01,2.032459626423730181e-01,3.530611627276869502e-01,7.515873209003149924e-01,-5.483854421003578894e-01,-9.956340281677209525e-01,1.226890965438118597e+00,2.614572364227061296e+00,8.587690395454103953e-01,-1.173396984929901299e+00,-3.046130815140932202e-01,-2.624199012439478174e-01,8.958587604189712783e-01,1.471375167148494256e+00,-1.977797887172572100e-01,6.848564826724583554e-01,1.055003222668591922e+00,-7.379162265802979848e-01,1.864607946185399823e-01
7.473922140905644995e-02,5.986558621676860703e-01,7.848582537044602736e-01,-9.061536820208888621e-01,-3.564318293277320970e-01,-2.010947592936871420e+00,2.363889789161427724e-01,1.086398703566474611e+00,-4.367276470511741726e-01,-9.291554413874806295e-01,8.388274481042825581e-01,-1.115906244847863160e+00,-1.344026081317056365e+00,1.217332099574604642e+00,-1.171633993598495627e+00,-9.096684817752042074e-01,-1.037092863714282887e+00,-3.657195835540178463e-01,-1.499830817966860241e+00,-1.020311988701849693e-01,-1.846560279538495442e+00,-1.329637089064163558e+00,1.286708311544708883e+00,5.745716519522579002e-01,-6.464150197747141335e-02,-1.727359809929583613e-03,-6.684965201485569830e-01,8.091721827842959236e-01,3.149239116054014520e-01,-2.568414904404960411e-02,1.364937646663380577e-02,-9.294721360131683596e-01,-4.202870633533201811e-02,1.050475622953240123e-01,2.801596433447358647e-01,2.624693376440625503e-01,4.493688816643147677e-01,-1.138722311814626825e-01,-5.575916550061801313e-01,1.876740502074909056e+00,-5.386642542125379407e-01,1.340602422980903929e+00,1.341047515390078430e-02,-1.116457671588652723e+00,6.748527610791243969e-01,-1.300211188753811198e-01,-5.655583713140717173e-01,-8.099338823638767559e-01,-8.900499423494008244e-01,6.715028713650961212e-01
-5.184457540631124406e-01,1.147137728604075702e-01,1.852568185750138874e-01,-5.185947687784920879e-01,-9.535880100129083825e-01,5.953589743807090606e-01,-5.671238860171387008e-01,5.128366872570437884e-01,3.389925294432710734e-01,-1.368365729590309554e-01,-7.380858238561135987e-02,7.846548436779559044e-01,-7.844474116193502766e-01,2.981179917278237723e-01,-9.591875686227360198e-01,-3.397126291747596949e-01,9.336951956281335230e-01,5.650903148490603600e-01,-3.210956069551998748e+00,-2.115886488173466695e+00,9.071545946225545443e-01,1.371137513802695107e+00,-9.258533454778472560e-01,1.373111262481739037e-01,9.997061057808752649e-01,9.872320844531673467e-01,2.010641878390313220e-01,-1.020934733583041432e+00,-6.841137907450824509e-04,-4.156678202093994079e-01,7.608906116120389695e-01,9.087842668368208143e-02,1.762163961689482417e-01,9.440083868406302647e-01,-2.083978670285028534e-01,-6.718896527457058898e-01,-1.403330682851560596e+00,1.372029908084067440e+00,1.000406811068003332e+00,9.368363534076912247e-01,-4.638067277402835309e-01,-1.035790809227093323e+00,-1.698098121125876381e-01,9.272574589841425796e-01,1.058224316768531015e+00,-8.098531549581752254e-01,5.811377084675348748e-01,5.109653224535556232e-02,7.539175816026429944e-01,1.648490529363595192e+00
2.745018358829007799e-01,-4.834425756983062317e-01,5.724369727854150547e-01,5.463702396219809534e-03,1.415212285901364497e+00,-6.462311348298230285e-02,1.168378697119284215e+00,2.142482572692771203e+00,-1.529441160300765823e+00,-2.405755634350588770e-02,-1.720888765420649280e+00,9.073967272917958793e-01,-6.546015466993014842e-01,-4.646864681708348654e-01,-5.086764151090142905e-01,1.506192785922591870e+00,4.147158178758071356e-01,-2.921583748770902877e-01,9.605294370717790131e-02,-1.222314634930626170e-01,6.138486543317106525e-01,4.418369042464379004e-01,1.709389189869509940e+00,9.451768910848847849e-01,-6.816222031954533023e-01,-8.999580155745446897e-01,-2.730101451832173787e+00,-1.046429462079496941e+00,-2.211526657015724151e+00,-1.863669249950355322e+00,4.031638555465244522e-01,-1.027760865843950544e+00,-6.489708924547333835e-01,6.443254856552211862e-01,8.894219955385779253e-01,1.932154856628671480e+00,2.937031744188248195e-01,-1.498752205954143157e+00,4.816803985894446138e-01,-1.345048414331260433e+00,1.346541101743805369e+00,-1.040203173262599368e+00,8.139178570839092908e-01,-2.843095164046950396e-01,1.115691188718702653e-01,-9.697002494905353487e-01,-1.184552289135662795e+00,-2.991504262437773565e-01,-7.659041117936724596e-01,3.670098235577475831e-01
9.564793740943856593e-01,3.888522061598579938e-01,7.822224272803295353e-01,-7.454008134576654010e-01,4.293420906313427099e-01,7.236048668485889346e-01,7.733791854399993948e-01,3.948155736662395388e-01,-2.346444483288043337e+00,-1.956229718082694580e-01,-4.743765879787870676e-01,2.242736011521853645e-01,-7.565396112115769789e-01,-5.325401805510630027e-01,3.152925718461596638e-01,1.109380397705547416e+00,-2.502704766217648813e-01,-1.663549136902780390e+00,9.457488303527190610e-01,-1.387176904968724811e+00,1.052296942080492403e+00,-1.038128390799127748e-01,9.537260590461016374e-01,-7.107197487507785905e-01,1.291408093719484673e-01,5.105373656068180610e-01,-4.075734347018550863e-01,-2.720739080857725867e-01,-3.348862280595092666e-02,1.035615963469108669e+00,7.299942391840594791e-01,-6.026248880612338210e-01,-3.961030775762942185e-02,-9.101611752210725381e-01,6.113179836303254122e-01,-2.418736488892891667e-01,3.411879860772618067e-01,-8.212061209999712563e-01,1.051340494581797791e-01,3.250721491928524332e-01,-5.080175105039169692e-01,-1.295530824150527671e+00,-7.133875086733952875e-01,1.651353293987274595e+00,-1.183418984317442968e+00,1.869117052519068789e+00,-6.345834913144489109e-01,-8.392366880282067232e-01,-3.212413349200672341e-01,-6.159680927014823254e-02
-1.287823296449379096e-01,-1.764987846396548044e+00,6.542692775299464580e-01,1.289083842536592694e+00,1.169070915248540815e-01,-1.317026704323694952e+00,8.439939158490808446e-02,1.090765458724625159e+00,-1.461569474786229561e+00,9.278123019211844680e-01,-1.372667574020249026e-01,-1.040952065311712582e+00,4.889433388959625870e-01,1.080562565108610096e-01,-3.248571974145424424e-01,2.216847773157866186e-01,1.405827576738678253e-01,-1.845687700583023283e-01,9.905618121008272770e-01,-2.330107297132895383e-01,-1.346694766990595538e+00,-2.330644412809224353e-01,-6.410509216751132389e-01,9.085908719068715167e-02,-5.197761127184931107e-01,1.818659381958002585e+00,1.018543260055491784e+00,-1.693665887637007206e+00,-8.716460257750012763e-01,-4.866156963239087196e-01,3.913194917669056694e-01,-1.248069192124877658e+00,-4.300556403688239326e-01,-1.828226617294836653e-01,-8.134638566239101864e-01,-2.350079411018748843e+00,-1.294191029006360516e+00,-1.011203183743876854e+00,-5.954667012792378422e-01,-9.453523739766331868e-01,-1.108302648922245170e+00,-1.758609254312786530e-01,-3.985508711860689668e-01,-7.928452125679783524e-01,1.554445555219889363e-01,-9.355827770067020044e-01,-5.643482862459345828e-01,8.868358358794186103e-01,-1.280157471261889335e-01,3.908284022743669373e-01
7.704551211698078550e-01,-1.133232599178762845e+00,-4.758081438114542851e-03,-3.407924497713495371e-01,-6.317063433355791791e-01,-1.057230407421688029e-01,1.787100196025158239e+00,6.064606428996801579e-01,-2.451282752808800480e-03,1.191273667887407628e+00,5.827611087796339406e-01,-5.303482032756997588e-01,-9.897028738083989419e-01,-1.536737445919415190e+00,-1.819601038170742591e+00,1.919523985427326052e-01,-2.557367101527380449e+00,3.962425434019615778e-01,3.050304999995121502e-01,1.005264530951039292e+00,-1.118449946383863330e-01,-6.286198876322042217e-01,-6.550370834368846040e-01,2.623376860632516960e-01,-9.019478920904739905e-01,-2.904179994170854595e-01,-3.737326045296047172e-01,-6.953143865179943761e-01,-9.031907072594563823e-01,4.151920996916211304e-01,1.779363441997727557e+00,1.682430002842816019e-01,-7.420758876828289496e-01,1.253719181423591511e+00,1.208791969344973127e+00,4.408984245553153325e-02,-5.231475710936347445e-01,1.069764973432719257e+00,-8.775287787760047697e-01,-3.679445124521847910e-01,-2.137887576128019607e+00,-3.481792758141025179e-01,-1.195079002825698344e+00,-6.142768462573847676e-01,1.667278874954023493e+00,3.737546739048919764e-01,1.909363653698180618e+00,-8.892336949911222588e-01,2.502372730200439488e-01,1.681577895261597178e+00
2.613552927967449868e+00,4.077941379285949797e-01,-3.867517314000807338e-01,-4.223114539844263771e-01,-3.902258698112389124e-01,-2.214852887298924822e-01,2.555767589423875386e+00,-7.915751651980754700e-01,-3.761346488671483690e-01,-6.556585078719181503e-01,-1.453073404810918623e+00,1.724048633361462690e-01,-6.055019737732237894e-01,1.666718894128476902e-01,-7.002018272387855458e-02,-1.468255265840402224e+00,-2.593177195121165179e-01,5.497196651087349339e-01,-1.936314683612504917e+00,-3.931029855954571994e-01,-6.907375652386686937e-01,-8.966237967374466322e-01,-9.502107621908926216e-01,5.355739138445499981e-01,-3.328021409011594489e-01,-7.355172863006691486e-01,3.236370798266494098e-01,-1.192539915653140076e-01,4.537856531870430865e-02,-1.060923009501001602e+00,-1.282198957431359032e+00,-2.301537162130464331e+00,4.593926842010548350e-01,-1.361837822575354684e+00,-1.471295005723592952e-01,-1.381678982045414950e+00,-1.275023794548283851e+00,9.732776993332861171e-01,2.424878952366790852e+00,-2.225392763293627230e+00,-1.460203685004335117e-01,2.132338103851060040e+00,4.925166187345979552e-01,8.809794033922330181e-02,2.474023918792509769e-01,4.242842706127984420e-01,1.255184027740016584e+00,-1.125656390179380351e+00,7.627699813024045872e-01,-5.294098562605816793e-01
2.366840091097902332e-01,3.894648942647780943e-01,-1.203518218502814374e+00,-1.296580563596281821e-01,1.138427958801504492e+00,-1.172861655621408650e+00,-1.240196785635360316e-01,-2.480238738731100900e-01,7.288138467625535633e-01,1.523056159360550721e+00,2.039078692866614251e+00,-1.979641368906743804e+00,-1.664958951309485125e+00,-1.135897747126106250e+00,1.064100104127190694e+00,-1.953766037787552090e+00,5.476176469403599700e-01,6.024489903383803968e-01,8.179301379256189719e-01,9.999822666112577474e-02,-4.727755971152467485e-01,8.798449235440368443e-02,-4.069549577281584285e-01,9.841704671279504213e-01,-1.059969644864030419e-01,-5.065287268207215726e-02,-8.755794041191103938e-01,-1.312516719253964403e-01,-1.134187654991884120e+00,4.317996215512809877e-01,-4.535840018799978113e-01,4.560397123054208413e-01,-3.644213840197136345e-01,1.464216677040563130e+00,9.866792069776912921e-01,1.536107392514998449e-01,9.333178742364743874e-01,5.073158342560424305e-02,-1.497987050419609112e+00,-3.463057360025418863e-01,-9.755346987539701420e-01,2.026877307836917996e+00,1.845190940393303558e+00,-3.212514338027699923e-01,9.002618901420010866e-01,3.793952379221888008e-03,1.401418530222231951e+00,9.789960503041995610e-01,1.191524659248023588e-01,2.686243608261612570e-01
1.432722965133420789e+00,2.230336199176934375e-01,-5.530022101636207221e-01,2.737213099301130659e-01,-5.656633769370303932e-01,9.854024416261445429e-01,-1.079451022487689649e+00,1.188410037404334263e+00,1.359644444303120592e+00,-6.952802543106767486e-01,-5.750510534903821025e-01,-6.838005856395353854e-01,-2.699144088923136064e-01,1.197566895101355611e+00,1.057834485502207045e+00,-2.311117315550223594e+00,-1.546506050617710182e+00,-5.700797023830245225e-01,5.618089798178973471e-01,-1.427373078043284060e+00,-1.984356299666309720e-01,-1.125615944459284062e-01,2.992597172830127050e-01,1.209459589524811696e+00,1.100764266301356153e+00,1.023947007240468832e+00,-2.182659952945345816e-01,1.058859929454574189e+00,8.665775986253976271e-01,-3.540312932945154784e-02,-1.312322537236948028e+00,-1.047668996846208955e+00,-8.289958039665124012e-01,-3.099934647973576207e-01,1.090130421228742430e-01,-3.873751866046415415e-01,1.064402465413589738e+00,-1.406793212702353468e+00,1.233368972894139659e-01,-1.734835615965923283e+00,1.897382395625854867e+00,5.556027886757028966e-01,1.718565505935698345e+00,-4.925158422819992943e-01,-2.977976131381733782e-01,-3.219478858293310375e-01,-1.124006245984516372e+00,1.929675891209611249e-01,-5.955661435334890230e-01,2.390886499605135995e-01
-2.944774687056987417e-01,2.452861643450504892e-01,1.204589249583002813e-01,-1.225728082387663065e+00,-4.560088933135016953e-01,1.393389119946695009e+00,2.062273963772892904e-01,1.426639657930119709e+00,9.959429735562130848e-01,6.910306915025057894e-02,1.193927059024692650e+00,-1.519100893629838689e+00,-5.534615351967501207e-01,-2.806109614728391932e+00,1.115806115059366999e+00,5.772553982092467617e-01,6.911245467302424839e-01,-3.535672882612247991e-01,1.160406349363979697e-02,3.458874679684619813e-01,-1.062849071414937174e-01,1.136282612187675900e+00,-3.105928037684705378e-01,-1.652752613830162476e+00,-1.166249605564584124e+00,-1.459533812771244721e+00,4.431300390291350033e-01,-1.313917998698572509e+00,1.679110113230637136e-01,2.100058185436808333e+00,-1.339889339730973683e+00,1.206523710633498503e+00,-5.929330875505591791e-01,-8.938107526484544152e-02,1.980986748282183296e-01,1.670333963645921627e-01,1.061260430812785538e+00,6.501129653157984301e-01,-1.934155914554542388e+00,1.045599931480875933e+00,-1.180200500380084394e+00,-6.466670574702676477e-02,-6.673576867678544522e-01,1.142115123478721461e+00,4.896484200829809286e-01,-3.258325362384104085e-01,-3.258834588246083408e-01,1.530223502877513075e+00,-2.326521424126969384e-01,3.541627358914002377e-01
1.241293718649792988e+00,-1.515609438069024373e+00,-1.024749635851147644e+00,-5.138070342792320222e-01,-8.139694766187077768e-01,7.349097116219542869e-01,-1.124740174052814679e+00,-1.409083438363051055e+00,5.740729774794477436e-01,-1.614830225531874941e+00,-1.386401655478559869e+00,-5.009259456180903403e-01,-7.908307030175265595e-01,6.199158841060338210e-01,2.186690640955136211e-01,6.170955691110411312e-01,-1.297138800642914092e+00,-2.143464567939005749e-01,-1.405215260301129199e-01,-8.513133467025559842e-01,1.607418134633951556e+00,2.599673616610291838e-01,9.917746169090453645e-02,1.557948215366761646e+00,-7.388961270213127985e-01,-6.089637702670872565e-01,3.878401735157653851e-01,8.552474223171644407e-01,9.861990941406686972e-02,9.535610251641311041e-01,-1.428593592533348167e+00,-5.957769819605268635e-01,-9.464376142044729490e-02,1.533076784584502250e-01,-1.360086318336932498e+00,-1.386624531577898667e+00,-4.673371954130470241e-01,-1.580548053854420543e+00,5.317441677028732494e-01,1.333385897466581982e+00,-4.030330479561979040e-02,-6.963238114925998090e-01,6.680596471823172511e-01,1.608489474257538854e+00,8.384233300359739127e-01,5.522381566064306080e-01,-7.883917547039115403e-01,1.045144454479145724e+00,-6.895255113223260901e-01,5.570820554673140412e-01
-7.879523313209677582e-01,3.943091180572738108e-01,-8.994620651904490227e-01,-9.827602207471513029e-01,1.555359087036486843e+00,-2.154088239862036458e-01,1.140551963978695849e+00,1.340265022171874376e+00,4.768272488386430807e-01,6.266454259588094544e-01,4.568770591779569568e-01,2.107169808091764740e-01,-1.416895993621551275e+00,-1.524523881355818844e+00,1.432121976515161321e-01,1.614360141156727435e+00,-5.489101879617441782e-01,-6.927381108632718609e-01,4.526209547693628155e-01,-2.575184329813189343e+00,1.107554271695685655e+00,1.074228390406187117e+00,1.834651644308213259e+00,1.132762654724687401e+00,4.555183725336120482e-02,-7.969816087121944781e-01,1.489398082788239819e+00,-9.897571046292271690e-01,-1.975752524232563534e+00,-4.474653799276657185e-01,3.965659712640947632e-01,9.637937968435079938e-02,8.867084551807662418e-01,-2.329707777869582386e-01,8.112960668926982866e-01,5.944007638566252139e-01,2.406133409220622965e-01,-2.204465287325920453e-01,7.940006005466162531e-01,-9.616389902207155699e-03,1.939754471545223347e-01,-2.149711818334318458e+00,1.560668862302964310e+00,5.817802861648797563e-01,-8.293834374582104152e-01,-3.858476711630763334e-01,2.714425661682890567e+00,6.939643676939918904e-02,1.874773116843779563e+00,-3.182906530234864695e-01
4.575916528715076592e-01,4.758520163400830061e-01,9.109289543741450057e-02,-1.115808728601087152e+00,1.557776186645115357e-01,7.788727496858542931e-01,1.105736571488856734e+00,5.078709170377606608e-01,1.612361655057757082e+00,-7.623694091036051779e-01,-1.041393433756969689e+00,-9.297720048981530372e-01,-1.903169964734602537e+00,1.019642074800228393e+00,-4.813612805505635972e-01,7.124566423745797294e-01,-1.014339428743100235e+00,-4.974268727400935064e-01,-3.605290077213980093e-01,2.044638973720821484e-01,4.911630723448810465e-01,5.411248166987390196e-01,-7.024958998164855251e-01,-1.698581457760715896e+00,-1.645972403771144954e+00,9.543528947770200110e-01,1.041654419121994080e+00,-6.803149796048549858e-01,6.784062021524731589e-01,4.993875570649714546e-01,-3.119001935383225455e-01,-1.727028661328700698e+00,-6.630742095446843232e-01,1.956535483509066031e+00,-2.308647635944677257e-01,-5.922207806409582886e-01,-1.332326955171576399e+00,2.567425561910892107e-01,-2.021546673216235435e-01,8.541099243307015421e-02,3.418264550645312705e-02,-7.744352198698054579e-01,7.012746242790076634e-01,-1.518625413329317331e+00,1.462078925245806404e+00,-7.983864273253629129e-01,1.400689141983641806e+00,-7.664770882342626379e-01,9.780775345954547673e-01,3.609806170152602967e-01
